352.53489582419394 
13662.773543701172 
98361.62705078124 
313038.2762890625 
875343.035 
1977686.8275 
3609758.5925 
6813905.588125 
11836798.39625 
25237991.31 
33989530.175 
54683978.03 
110060927.57 
122089724.84 
173316778.32 
296021281.6 
352086612.56 
563559069.76 
639892163.68 
806292429.44 
1302388763.52 
1085040855.36 
1497333505.28 
2558129827.84 
3242442449.6 
4228486849.28 
4985081661.44 
6136907333.12 
7109418745.6 
11981083704.32 
14823734062.08 
13253562860.8 
16291078112.0 
19065784046.08 
29708485242.88 
35129096788.48 
25488721643.52 
34964287595.52 
31924581191.68 
66180857379.84 
56990893132.8 
58387224944.64 
78245477498.88 
77846135889.92 
97511584000.0 
87882151342.08 
171223266795.52 
326114788188.16 
170412299141.12 
280372655022.08 
310708355727.36 
261468247347.2 
379218159452.16 
256352639600.64 
538922127196.16 
708939690229.76 
619815658455.04 
858015313100.8 
1306651387494.4 
562441449963.52 
754897518100.48 
1175459135815.68 
1063352959303.68 
665239037808.64 
1962911045222.4 
277218244195.84 
1648082951536.64 
3313242134937.6 
1668693599518.72 
2759830688890.88 
2087574429696.0 
3970276934287.36 
2199639431331.84 
6071126203432.96 
3016009911500.8 
4364631876567.04 
5542998204743.68 
6053014966108.16 
8239841594572.8 
3511107169157.12 
7999951037726.72 
12103625953771.52 
13230147706552.32 
13327083309629.44 
5367613221109.76 
10458103573381.12 
7617355649843.2 
8639709724672.0 
6835371540643.84 
9283132908503.04 
10380133272125.44 
12058725292441.6 
12416350102159.36 
13637431642030.08 
6211294579261.44 
10498639790080.0 
8892544516096.0 
9951924266270.72 
8037932763709.44 
12592603521351.68 
14605039446917.12 
14459298937569.28 
9343579034091.52 
3435483372503.04 
11572692203601.92 
2223731447480.32 
15694047553781.76 
11803835758018.56 
8725234420285.44 
7661470596136.96 
1906216523694.08 
13154013474324.48 
18397725214638.08 
14648826283950.08 
18938567458816.0 
20385720550031.36 
15070062605762.56 
44570600810741.76 
13585430607298.56 
32370226102272.0 
19224669755801.6 
27795167573442.56 
25503313061478.4 
19779586393374.72 
33746726745538.56 
28170452201635.84 
31434367310233.6 
44914535657635.84 
14159038287708.16 
29425940559298.56 
36660919827169.28 
16558754488647.68 
60414558386257.92 
37608637595648.0 
68808044262195.2 
39846280492482.56 
106027588801003.52 
11780183463034.88 
65890755442114.56 
79524037247631.36 
24662812708044.8 
51554767281848.32 
73669325650657.28 
49224561474928.64 
32225900919521.28 
45520182543646.72 
14065787768668.16 
79749278201774.08 
72006797621329.92 
28965859869327.36 
68160368148480.0 
53187551370936.32 
27811514028687.36 
19034900762460.16 
63905059973365.76 
24425670283100.16 
53686566835978.24 
76621198938603.52 
39481457225236.48 
173430836884930.56 
284359947704074.25 
46920264329461.76 
50956974995537.92 
27416149769584.64 
175916562681692.16 
86843245233438.72 
103584294659686.4 
66418374821806.08 
32743369377054.72 
153804391820820.47 
303315566345584.6 
68833001584721.92 
323104234316759.06 
586285703390822.4 
58387170125414.4 
142149297058611.2 
112307441059758.08 
55522032059678.72 
50066356481556.48 
94664616312832.0 
58164936633221.12 
133598622727536.64 
237687294415339.53 
125800017244979.2 
123487561858416.64 
57012823524638.72 
81949232967188.48 
737160403678658.5 
138147068290007.05 
108500846808924.16 
490228439276584.94 
486498729491169.25 
35344426011197.44 
103570334829772.8 
576337839956951.0 
120740187377500.16 
63884849192632.32 
167400874044293.12 
66306737190010.88 
603844198363299.9 
91196485690982.4 
15842125729628.16 
527362625660518.4 
522894960644587.5 
576908091971338.2 
1112585588420116.5 
43476167815331.84 
1192465332502528.0 
1092944422166855.6 
938417635542958.1 
132131607826923.52 
785681720535941.1 
2442125538723102.5 
682414588480716.8 
756089769385001.0 
238935479104307.2 
900552338115133.5 
121540467836846.08 
318391425098055.7 
522389874939002.9 
345883773239296.0 
320155470717255.7 
2801463926917693.5 
671043262621941.8 
173035262682071.03 
203223999806177.28 
1422992387499622.5 
258736241036492.8 
562951826807193.6 
48279088188620.8 
529684624310272.0 
1534861642878156.8 
386297773508526.06 
2455505306868777.0 
611148152333926.4 
414785904304455.7 
1.0171205345565736e+16 
289408795803648.0 
148803582804623.38 
43449827501015.04 
333986266527825.94 
254918872908431.38 
165946901177303.03 
315998673966202.9 
174362595677962.25 
251590368328417.28 
2269055899790213.0 
565125629875322.9 
307522103599431.7 
1169087735823073.2 
821179204228874.2 
967308730506936.4 
123903945495019.52 
28885453908213.76 
1395630357062615.0 
197757620528087.03 
603301174648504.4 
2421505913656443.0 
1977976214991667.2 
388514319056240.6 
2771722657144504.5 
591672158757847.0 
839739079749795.9 
657065937154867.2 
273992153647022.1 
239800381278781.44 
609466332961833.0 
1543646326607052.8 
406918148632084.5 
551305788595896.3 
4088761151075123.0 
174956288273285.12 
91977537169653.77 
30813911478435.84 
101061329716510.72 
93895461392875.52 
86734931584614.4 
118652506870906.88 
89507521814855.69 
387697365619834.9 
56874236232335.36 
57851623967293.44 
64378729136128.0 
459963989795799.06 
274246740125941.75 
763765038026588.1 
704880934922485.8 
111974191144632.31 
680753173417164.8 
293967743449825.25 
1122410806714040.4 
222886448888545.28 
596138081271152.6 
317541804482232.3 
746998555067023.4 
822481882447872.0 
3118835815027835.0 
355699138788065.25 
682696127094456.4 
7154553648117187.0 
