1.158358597755432 
1.2689294040203094 
1.259009484052658 
1.2563846480846406 
1.2565211141109467 
1.2507346189022064 
1.2531412196159364 
1.2543914258480071 
1.2527401268482208 
1.251769734621048 
1.2489809429645538 
1.253455913066864 
1.2513185119628907 
1.2513416516780853 
1.251229065656662 
1.2506851947307587 
1.2514537537097932 
1.251680825948715 
1.2501397907733918 
1.2532540786266326 
1.2520991790294647 
1.248962517976761 
1.2515751576423646 
1.2519599676132203 
1.252810263633728 
1.250899064540863 
1.2517926478385926 
1.254882720708847 
1.2513381505012513 
1.250864337682724 
1.25171125292778 
1.2518612694740296 
1.2526715838909148 
1.2530560898780823 
1.2520932686328887 
1.250021013021469 
1.252255405187607 
1.2525657415390015 
1.2500459492206573 
1.2527698242664338 
1.2510920011997222 
1.2525333559513092 
1.2515236389636994 
1.2511455607414246 
1.2500794422626496 
1.2506026816368103 
1.251036558151245 
1.2513094961643219 
1.2514134895801545 
1.2515001475811005 
1.2508870232105256 
1.2519154477119445 
1.2505831563472747 
1.2505557417869568 
1.2504194271564484 
1.2498716068267823 
1.2512427151203156 
1.2509441208839416 
1.2494467973709107 
1.2542297422885895 
1.2509920477867127 
1.2511452007293702 
1.251488482952118 
1.2514410316944122 
1.2497661519050598 
1.252858179807663 
1.2510031402111053 
1.250351597070694 
1.2500499033927917 
1.250233724117279 
1.2536095011234283 
1.2516099965572358 
1.25305762052536 
1.2520515823364258 
1.2500799250602723 
1.2484600305557252 
1.2501119661331177 
1.2490317463874816 
1.2506225991249085 
1.2518660056591033 
1.250791184902191 
1.2508648777008056 
1.2519164562225342 
1.2507786297798156 
1.252685912847519 
1.2516829764842987 
1.2513266730308532 
1.2496399641036988 
1.251911566257477 
1.2497922813892364 
1.2510663652420044 
1.2497201585769653 
1.2517597734928132 
1.252510083913803 
1.2496495699882508 
1.250643297433853 
1.25057111620903 
1.2517966794967652 
1.2516764092445374 
1.2509350752830506 
1.2511561393737793 
1.2510062193870544 
1.2521905303001404 
1.2495697391033174 
1.2515743851661683 
1.2534086906909943 
1.2512625908851625 
1.2495028650760651 
1.2521327328681946 
1.25231982588768 
1.2475012338161469 
1.249741233587265 
1.2509143960475921 
1.2504042732715606 
1.251119749546051 
1.2516243505477904 
1.251274071931839 
1.2511116397380828 
1.2519282174110413 
1.2517451858520507 
1.2517551970481873 
1.2510060918331147 
1.251534913778305 
1.2520770990848542 
1.2506765151023864 
1.2512236690521241 
1.2508592307567596 
1.2510961389541626 
1.2510890114307402 
1.2506483137607574 
1.2506876933574675 
1.2508581185340881 
1.2511223995685576 
1.248235923051834 
1.2506027221679688 
1.2511136174201964 
1.251200407743454 
1.2508662497997285 
1.2517335760593413 
1.2508356046676636 
1.2509602200984955 
1.2516682648658752 
1.251483918428421 
1.2510470962524414 
1.251056102514267 
1.2511727273464204 
1.2511422216892243 
1.251225974559784 
1.2513076448440552 
1.2522949254512787 
1.2511122250556945 
1.2511337471008301 
1.2510456800460816 
1.2512400567531585 
1.251120114326477 
1.2513406002521514 
1.2509840738773346 
1.251099807024002 
1.2510359168052674 
1.2509445428848267 
1.251087828874588 
1.2516146361827851 
1.2511098504066467 
1.2511768758296966 
1.2510811257362366 
1.2510783565044403 
1.2510822415351868 
1.2510859894752502 
1.2506087553501128 
1.2510871529579162 
1.2510884237289428 
1.250815646648407 
1.2510974192619324 
1.2510888290405273 
1.2515193688869477 
1.2510853385925294 
1.250962278842926 
1.2514953780174256 
1.2510932409763336 
1.2519745528697968 
1.2505856096744536 
1.2500066661834717 
1.2512268757820129 
1.2516615223884582 
1.2516001427173615 
1.2510673272609711 
1.2477646386623382 
1.2510956573486327 
1.2534587848186494 
1.2504531049728393 
1.2510896921157837 
1.251135951280594 
1.2505314218997956 
1.2508352720737457 
1.2510530459880829 
1.2511384904384613 
1.2510492372512818 
1.2510763061046601 
1.2496029889583589 
1.2510972487926484 
1.2510880732536316 
1.2485454785823822 
1.251247354745865 
1.2506634378433228 
1.2510824632644653 
1.2510835921764374 
1.2510564303398133 
1.2509187638759613 
1.2510885393619537 
1.2510929477214814 
1.2512133717536926 
1.2513863039016724 
1.251092106103897 
1.2510746955871581 
1.251088684797287 
1.2510887062549592 
1.2510826528072356 
1.2504803538322449 
1.2514403808116912 
1.2515614819526673 
1.2510841476917267 
1.2510893619060517 
1.2510870373249054 
1.2510854065418244 
1.2509296560287475 
1.2514641416072845 
1.2510876905918122 
1.251086540222168 
1.2510813581943512 
1.2510874998569488 
1.2512635409832 
1.2510876119136811 
1.2510861718654633 
1.2510716819763184 
1.251085605621338 
1.2510862386226653 
1.2510838997364044 
1.2510862946510315 
1.2510803353786468 
1.2511267936229706 
1.2510807049274444 
1.2510888004302978 
1.2510857117176055 
1.251086049079895 
1.2506681334972383 
1.2513230848312378 
1.2510842525959014 
1.2512688159942627 
1.251086939573288 
1.251085902452469 
1.2510874450206757 
1.251079649925232 
1.2513281524181366 
1.2510851919651031 
1.2510847389698028 
1.2517282819747926 
1.2510860919952393 
1.251085934638977 
1.251086106300354 
1.2510859858989716 
1.2510861146450043 
1.2510861384868621 
1.2510860109329223 
1.251086015701294 
1.2510870921611785 
1.2510847628116608 
1.251085603237152 
1.2510854637622832 
1.2510823607444763 
1.2510859489440918 
1.2510861492156982 
1.2510819673538207 
1.25109121799469 
1.2510856699943542 
1.2510885035991668 
1.2510855352878572 
1.2510884773731232 
1.2510880184173585 
1.2510951948165894 
1.2511014449596405 
1.2510855853557588 
1.2510856509208679 
1.2511021935939788 
1.2510861229896546 
1.2518163323402405 
1.2510750877857209 
1.2510832035541535 
1.2510216128826142 
1.2511051654815675 
1.2510922789573669 
1.251086037158966 
1.2510251891613007 
1.251023886203766 
1.2510899162292481 
1.2510889565944672 
1.2510911929607391 
1.2510860228538514 
1.2510896861553191 
1.2510869419574737 
1.2510861539840699 
