0.2025666704773903 
0.1995000021159649 
0.1989666697382927 
0.19983333617448806 
0.1984666693210602 
0.20120000213384628 
0.20100000247359276 
0.20056666925549507 
0.19826666936278342 
0.19906666859984398 
0.20046666920185088 
0.1996333360671997 
0.1993666684627533 
0.2014000028371811 
0.20106666892766953 
0.19936666920781135 
0.2007000021636486 
0.2000666692852974 
0.20100000128149986 
0.20083333656191826 
0.20103333592414857 
0.1997000026702881 
0.19946666836738586 
0.1986000022292137 
0.19976666942238808 
0.19930000156164168 
0.20010000228881836 
0.19973333537578583 
0.20223333477973937 
0.19950000137090684 
0.20150000244379043 
0.19840000182390213 
0.20090000286698342 
0.19950000196695328 
0.20103333458304407 
0.19876666858792305 
0.20036666944622994 
0.19893333479762076 
0.19990000233054162 
0.19916666850447654 
0.19986666798591612 
0.20103333607316018 
0.19960000231862068 
0.19906666934490203 
0.20040000170469285 
0.19906666949391366 
0.20030000299215317 
0.19866666868329047 
0.20073333591222764 
0.20053333550691604 
0.19936666890978813 
0.19983333528041838 
0.1978333355486393 
0.20166666880249978 
0.19913333594799043 
0.19970000222325324 
0.19893333524465562 
0.19963333442807196 
0.2018333351612091 
0.20053333505988122 
0.19803333505988122 
0.19933333560824396 
0.19940000250935555 
0.19963333442807196 
0.20030000060796738 
0.200466670691967 
0.19953333631157874 
0.19833333507180215 
0.1989000016450882 
0.1999000020325184 
0.198966668844223 
0.2008666689693928 
0.20006666883826255 
0.19983333542943002 
0.19966666772961617 
0.2002333353459835 
0.19966666862368584 
0.20066666826605797 
0.1992333348095417 
0.20116666913032533 
0.198933335095644 
0.19973333597183227 
0.2006666687130928 
0.20066666916012765 
0.19883333534002304 
0.20046666920185088 
0.19853333488106728 
0.19993333548307418 
0.1960333354771137 
0.19986666917800902 
0.20023333579301833 
0.20100000217556954 
0.1999666690826416 
0.1994333364069462 
0.19960000172257422 
0.19816666930913926 
0.1999333356320858 
0.19956666886806487 
0.19733333513140677 
0.19986666932702066 
0.20053333565592765 
0.19906666919589042 
0.2007666678726673 
0.1993000029027462 
0.19963333532214164 
0.19400000169873238 
0.20033333629369734 
0.1998000028729439 
0.2001666682958603 
0.19876666828989983 
0.19626666888594627 
0.20346666932106017 
0.20133333578705787 
0.20040000185370446 
0.2005000026524067 
0.19966666907072067 
0.20000000223517417 
0.20076666966080667 
0.1980333349108696 
0.20036666914820672 
0.19950000330805778 
0.20053333565592765 
0.20066666901111602 
0.2001333364844322 
0.20030000269412995 
0.20160000264644623 
0.1993666696548462 
0.1996666693687439 
0.19983333617448806 
0.20036666885018348 
0.19993333637714386 
0.19850000210106372 
0.1996333360671997 
0.20010000273585318 
0.20016666993498802 
0.19983333617448806 
0.1997000028192997 
0.20063333585858345 
0.20136666983366014 
0.20003333628177644 
0.19920000270009042 
0.19696666926145553 
0.20056666925549507 
0.19986666962504387 
0.20023333594202997 
0.20016666904091834 
0.20053333520889283 
0.2002666698396206 
0.20110000252723695 
0.20003333628177644 
0.20033333629369734 
0.20030000269412995 
0.2000666691362858 
0.19826666846871377 
0.19926666885614394 
0.20146666944026947 
0.19893333643674851 
0.20080000340938567 
0.19986666962504387 
0.20000000298023224 
0.19966666966676713 
0.20160000309348106 
0.1998000028729439 
0.20260000303387643 
0.19993333637714386 
0.2000333361327648 
0.19993333637714386 
0.19976666942238808 
0.2000333359837532 
0.20010000288486482 
0.20006666973233223 
0.20046666979789735 
0.20036666944622994 
0.20000000298023224 
0.2022666695713997 
0.20000000298023224 
0.19973333567380905 
0.20073333591222764 
0.20100000277161598 
0.19786666974425315 
0.20166666999459268 
0.1997333362698555 
0.20016666978597641 
0.19913333639502526 
0.1978000035881996 
0.2009666696190834 
0.20080000281333923 
0.20000000298023224 
0.19963333636522293 
0.20156666964292527 
0.20003333628177644 
0.20000000298023224 
0.19903333634138107 
0.20103333607316018 
0.20003333628177644 
0.20000000298023224 
0.1998000028729439 
0.19996666967868804 
0.19966666966676713 
0.20000000298023224 
0.19890000343322753 
0.19886666923761367 
0.19976667031645776 
0.199266669601202 
0.20000000298023224 
0.20000000298023224 
0.19766666918992995 
0.19973333641886712 
0.20000000298023224 
0.20000000298023224 
0.20286666914820672 
0.20010000303387643 
0.20000000298023224 
0.2005666695535183 
0.20000000298023224 
0.20030000284314156 
0.19986666962504387 
0.19773333579301833 
0.200133336186409 
0.1992666693031788 
0.20000000298023224 
0.20000000298023224 
0.20000000298023224 
0.19983333632349967 
0.19983333602547645 
0.19930000349879265 
0.20000000298023224 
0.20000000298023224 
0.20010000288486482 
0.19800000369548798 
0.2002333365380764 
0.20010000303387643 
0.20090000316500664 
0.19986666962504387 
0.20000000298023224 
0.19956666931509973 
0.20000000298023224 
0.20000000298023224 
0.19986666947603227 
0.20003333628177644 
0.20000000298023224 
0.20000000298023224 
0.20000000298023224 
0.20000000298023224 
0.20000000298023224 
0.20000000298023224 
0.20000000298023224 
0.20000000298023224 
0.20000000298023224 
0.20000000298023224 
0.20000000298023224 
0.20000000298023224 
0.20000000298023224 
0.20083333566784858 
0.19966666966676713 
0.19906666964292527 
0.20000000298023224 
0.20000000298023224 
0.20000000298023224 
0.20000000298023224 
0.20000000298023224 
0.20000000298023224 
0.20000000298023224 
0.20000000298023224 
0.20000000298023224 
0.20000000298023224 
0.20000000298023224 
0.20000000298023224 
0.20000000298023224 
0.20000000298023224 
0.20000000298023224 
0.20006666958332062 
0.19983333602547645 
0.20033333629369734 
0.20026666924357414 
0.19993333607912064 
0.20053333684802055 
0.20136666864156724 
0.19996666952967643 
0.19993333637714386 
0.20000000298023224 
0.1975666707754135 
0.1997000028192997 
0.20000000298023224 
0.1978333356976509 
0.19976666957139969 
0.20000000298023224 
0.20043333649635314 
0.20023333624005318 
0.20000000298023224 
0.20000000298023224 
0.20070000231266022 
0.2002333363890648 
0.20000000298023224 
0.20000000298023224 
0.20000000298023224 
0.20000000298023224 
0.20000000298023224 
0.20000000298023224 
0.20000000298023224 
