0.20546666905283928 
0.20090000167489053 
0.2008333371579647 
0.19833333522081376 
0.19956666946411133 
0.20146666899323462 
0.20080000162124634 
0.1995000021159649 
0.1996666683256626 
0.1999666692316532 
0.20113333478569984 
0.19856666907668113 
0.20023333579301833 
0.20020000249147415 
0.20030000254511834 
0.2004333347082138 
0.2004000025987625 
0.20000000223517417 
0.2004000024497509 
0.199166669100523 
0.1999666690826416 
0.2010333350300789 
0.19976666927337647 
0.19990000233054162 
0.19916666865348817 
0.2004333356022835 
0.19970000252127648 
0.19813333570957184 
0.20010000258684157 
0.20023333609104157 
0.1997000026702881 
0.19970000222325324 
0.19963333547115325 
0.1988333348929882 
0.19926666900515555 
0.2008333358168602 
0.1995333357155323 
0.1992333351075649 
0.20066666901111602 
0.19930000260472297 
0.20020000278949737 
0.1992333361506462 
0.2000000025331974 
0.20006666854023933 
0.20076666921377181 
0.2001666694879532 
0.2003333356976509 
0.2000000025331974 
0.20003333538770676 
0.20016666874289513 
0.20026666894555092 
0.19963333532214164 
0.20040000289678572 
0.20036666914820672 
0.200566668510437 
0.20070000231266022 
0.19990000247955322 
0.20013333573937417 
0.200866669267416 
0.19846666887402534 
0.20010000213980675 
0.20000000178813934 
0.19990000247955322 
0.1999666692316532 
0.20083333626389505 
0.19940000295639038 
0.20016666918992995 
0.20053333595395087 
0.20066666960716248 
0.20060000255703925 
0.1988000024855137 
0.19990000277757644 
0.1990000021457672 
0.19956666871905326 
0.2007666689157486 
0.20143333554267884 
0.2007000021636486 
0.2014666697382927 
0.20040000215172768 
0.19953333586454391 
0.2001666684448719 
0.20016666889190673 
0.1997333362698555 
0.2004333356022835 
0.199166669100523 
0.19970000341534613 
0.19980000272393228 
0.2007333356142044 
0.1998000018298626 
0.20090000301599503 
0.2000666691362858 
0.20100000202655793 
0.19983333602547645 
0.1993333362042904 
0.20110000267624856 
0.20010000228881836 
0.2000666692852974 
0.19966666921973228 
0.199733334928751 
0.20010000273585318 
0.200066669434309 
0.20000000298023224 
0.19943333581089973 
0.20030000180006027 
0.19983333617448806 
0.1991666689515114 
0.19993333637714386 
0.2009666693210602 
0.19946666866540907 
0.1994333355128765 
0.20213333562016486 
0.20090000256896018 
0.20016666904091834 
0.20043333634734153 
0.20000000283122063 
0.1996333360671997 
0.19996666938066482 
0.19996666967868804 
0.1996000026166439 
0.19976666942238808 
0.1996000027656555 
0.200066669434309 
0.19983333602547645 
0.19943333625793458 
0.2002666698396206 
0.19996666952967643 
0.2000333361327648 
0.20000000298023224 
0.19990000292658805 
0.2001666694879532 
0.200133336186409 
0.20010000288486482 
0.20000000298023224 
0.20156666919589042 
0.20026666969060897 
0.20000000298023224 
0.19996666967868804 
0.200133336186409 
0.1996000027656555 
0.20006666958332062 
0.20010000273585318 
0.19990000292658805 
0.19966666981577874 
0.20000000298023224 
0.20003333628177644 
0.20003333628177644 
0.20010000288486482 
0.20000000283122063 
0.1996666693687439 
0.19896666914224626 
0.20000000298023224 
0.20000000298023224 
0.20000000298023224 
0.19990000307559966 
0.20000000298023224 
0.19980000257492064 
0.19996666967868804 
0.20000000298023224 
0.200066669434309 
0.20006666958332062 
0.20000000298023224 
0.1997000028192997 
0.20000000298023224 
0.2000333361327648 
0.20000000298023224 
0.20000000298023224 
0.20000000298023224 
0.20000000298023224 
0.20026666954159736 
0.20000000298023224 
0.20000000298023224 
0.2001666696369648 
0.20000000298023224 
0.20000000298023224 
0.1997000028192997 
0.20000000298023224 
0.20006666958332062 
0.19976666957139969 
0.20000000298023224 
0.19953333616256713 
0.20026666954159736 
0.2006000031530857 
0.19993333622813225 
0.1996666695177555 
0.19966666981577874 
0.20000000298023224 
0.20183333605527878 
0.20000000298023224 
0.1987333369255066 
0.20033333644270898 
0.20000000298023224 
0.20000000298023224 
0.20033333599567413 
0.20016666978597641 
0.20000000298023224 
0.19996666967868804 
0.20000000298023224 
0.20000000298023224 
0.20083333641290665 
0.20000000298023224 
0.20003333628177644 
0.20146666929125787 
0.19990000277757644 
0.2002333363890648 
0.20000000298023224 
0.20000000298023224 
0.20023333683609962 
0.20006666958332062 
0.20000000298023224 
0.20000000298023224 
0.19996666952967643 
0.19986666962504387 
0.20000000298023224 
0.20000000298023224 
0.20000000298023224 
0.20000000298023224 
0.20000000298023224 
0.20036666914820672 
0.1998000028729439 
0.1997333362698555 
0.20000000298023224 
0.20000000298023224 
0.20000000298023224 
0.20000000298023224 
0.20006666973233223 
0.19976666942238808 
0.20000000298023224 
0.20000000298023224 
0.20000000298023224 
0.20000000298023224 
0.19990000292658805 
0.20000000298023224 
0.20000000298023224 
0.20000000298023224 
0.20000000298023224 
0.20000000298023224 
0.20000000298023224 
0.20000000298023224 
0.20000000298023224 
0.19996666967868804 
0.20000000298023224 
0.20000000298023224 
0.20000000298023224 
0.20000000298023224 
0.20023333624005318 
0.19986666962504387 
0.20000000298023224 
0.19990000307559966 
0.20000000298023224 
0.20000000298023224 
0.20000000298023224 
0.20000000298023224 
0.19986666962504387 
0.20000000298023224 
0.20000000298023224 
0.1996000027656555 
0.20000000298023224 
0.20000000298023224 
0.20000000298023224 
0.20000000298023224 
0.20000000298023224 
0.20000000298023224 
0.20000000298023224 
0.20000000298023224 
0.20000000298023224 
0.20000000298023224 
0.20000000298023224 
0.20000000298023224 
0.20000000298023224 
0.20000000298023224 
0.20000000298023224 
0.20000000298023224 
0.20000000298023224 
0.20000000298023224 
0.20000000298023224 
0.20000000298023224 
0.20000000298023224 
0.20000000298023224 
0.20000000298023224 
0.20000000298023224 
0.20000000298023224 
0.20000000298023224 
0.20000000298023224 
0.20000000298023224 
0.1996000026166439 
0.20000000298023224 
0.20000000298023224 
0.20003333643078805 
0.20000000298023224 
0.20000000298023224 
0.20000000298023224 
0.2000333361327648 
0.20003333628177644 
0.20000000298023224 
0.20000000298023224 
0.20000000298023224 
0.20000000298023224 
0.20000000298023224 
0.20000000298023224 
0.20000000298023224 
