358.8251483798027 
13695.455523681641 
98586.362578125 
313079.9425 
877007.26375 
1981580.8834375 
3618600.463125 
6807610.38625 
11836651.7325 
25237528.49 
34015853.36 
54709662.81 
110079526.54 
122109589.26 
173229378.19 
295968517.52 
351751885.92 
563534598.8 
639749059.6 
806494148.32 
1302307414.72 
1086195348.8 
1497219092.8 
2557750455.68 
3241175349.44 
4226948482.56 
4986425056.0 
6138135564.8 
7112243973.12 
11974584892.16 
14829381184.0 
13235124945.92 
16286737628.16 
19074486062.08 
29692910105.6 
35125019560.96 
25490584103.68 
34950140190.72 
31912720655.36 
66181636029.44 
57003894046.72 
58399558819.84 
78242973829.12 
77903899197.44 
97453657410.56 
87894707676.16 
171364333649.92 
326253681295.36 
170427228487.68 
280308690944.0 
310663539671.04 
261442474844.16 
378955642716.16 
256318807040.0 
538954167500.8 
708988022538.24 
619640194662.4 
858099965788.16 
1306665213296.64 
562159353200.64 
755157950955.52 
1175620044390.4 
1063293331537.92 
665299283548.16 
1963633408245.76 
277388796976.64 
1648982129377.28 
3313591587307.52 
1668046797209.6 
2758840861327.36 
2087036022947.84 
3969460381286.4 
2198851144171.52 
6072028935618.56 
3016301973340.16 
4365084522577.92 
5542988898631.68 
6055289151160.32 
8239401010462.72 
3510440619540.48 
8000061625139.2 
12107135220449.28 
13229661190881.28 
13329350787072.0 
5369087707054.08 
10460540488908.8 
7618476604784.64 
8642665858990.08 
6835415469342.72 
9284207967600.64 
10383692026347.52 
12060869927895.04 
12420028597534.72 
13634745497026.56 
6213875128401.92 
10499072301465.6 
8891448798085.12 
9947312210247.68 
8040800663633.92 
12591102353080.32 
14609038720040.96 
14459194462699.52 
9348398573158.4 
3435327181701.12 
11581687381360.64 
2228423366246.4 
15690613110865.92 
11802347244093.44 
8725722489159.68 
7667238529884.16 
1902605430374.4 
13154247949680.64 
18394404597268.48 
14648798507171.84 
18942226829148.16 
20392324502650.88 
15068851205570.56 
44569825158103.04 
13581000714485.76 
32371886302167.04 
19222088088289.28 
27795133342679.04 
25502675731742.72 
19779503356641.28 
33744156268953.6 
28173001388195.84 
31435781873991.68 
44913099276288.0 
14162034171576.32 
29426533117460.48 
36651166911692.8 
16557393401610.24 
60410523274444.8 
37608432608215.04 
68802986104586.24 
39845652751974.4 
106031712724582.4 
11780742137774.08 
65896410748026.88 
79525282704261.12 
24663297949696.0 
51555115445780.48 
73663454930534.4 
49224092027453.44 
32227506472878.08 
45519016207319.04 
14060309208104.96 
79748387349790.72 
72013886377984.0 
28963543556423.68 
68180761824460.8 
53189192334704.64 
27811868254699.52 
19036377217761.28 
63905006501232.64 
24423301143592.96 
53683323240448.0 
76620193385676.8 
39490098152079.36 
173435603155681.28 
284361514958192.6 
46922794747822.08 
50952852141506.56 
27415468688015.36 
175927472234168.3 
86844419158835.2 
103585749805301.77 
66418422047047.68 
32742898697502.72 
153811664293068.8 
303309389761085.44 
68831756146442.24 
323103659162337.25 
586288833054638.1 
58382228957429.76 
142149811552911.38 
112309949138206.72 
55519929968885.76 
50062151225180.16 
94673419947212.8 
58164842260725.76 
133583806154670.08 
237686113855078.4 
125801394790727.69 
123491949134479.36 
57014181835571.2 
81944500125040.64 
737185589614346.2 
138139188238745.6 
108497112798330.88 
490234150555484.2 
486471737718865.94 
35339334230999.04 
103567905357824.0 
576302793317417.0 
120733141880012.8 
63881025111982.08 
167402577802035.2 
66302497894236.16 
603863728101785.6 
91195188266926.08 
15844162454814.72 
527373318225920.0 
522955749780357.1 
576917206697246.8 
1112601675589222.4 
43478557817569.28 
1192543757491241.0 
1092929698146549.8 
938425620533084.1 
132127833341296.64 
785642696479866.9 
2442129340524134.5 
682436479921684.5 
756081220974018.5 
238932289650688.0 
900531472983654.4 
121548450687877.12 
318398817202339.8 
522387659507630.06 
345884701648486.4 
320141867477893.1 
2801463640950046.5 
671029481732833.2 
173028277278474.25 
203219812102963.2 
1422940443141734.5 
258741364924088.3 
562945542565396.5 
48277130156441.6 
529694650636697.6 
1534862180797644.8 
386300129742684.2 
2455482828293406.5 
611154123345100.8 
414802411703500.8 
1.0171259896348016e+16 
289415438155120.6 
148805363926302.72 
43447247437824.0 
333989899623464.94 
254918896753049.6 
165946444983828.47 
316000890655866.9 
174364752908124.16 
251590449026826.25 
2269040506820362.0 
565128796878929.9 
307522127873966.06 
1169088304570695.8 
821175941563678.8 
967306459626864.6 
123905043721093.12 
28883415746478.08 
1395647066317783.0 
197728643334799.38 
603312235678269.5 
2421495149918945.5 
1977975297215037.5 
388514928740270.06 
2771725819314176.0 
591672055200481.2 
839740817575772.1 
657065928042741.8 
273986350366064.62 
239799351923179.53 
609457303133880.4 
1543644540347351.0 
406908361548759.06 
551309552060989.44 
4088780807041188.0 
174955830653747.2 
91976526617640.95 
30814283203870.72 
101062716854108.16 
93894602858168.31 
86738620388474.88 
118665812097105.92 
89507416183930.88 
387671064696586.25 
56869785042944.0 
57850269395845.12 
64373336050237.44 
459965397860352.0 
274246106728366.1 
763753326027735.0 
704880232124907.5 
111972190744739.84 
680751202786345.0 
293969319359938.56 
1122415181498941.5 
222879373747814.4 
596141926200115.2 
317541986955427.8 
747001944484085.8 
822482850231091.2 
3118827608914002.0 
355698593937489.94 
682698564362567.6 
7154575611044823.0 
