243.13524222970008 
8750.750467529297 
45462.73303222656 
115387.898203125 
345210.8344140625 
606530.808203125 
941991.22890625 
1155451.63375 
3625899.3653125 
5730096.5925 
10055299.26 
15274808.945 
25538200.415 
31639690.0625 
57264163.74 
72012389.4 
99327093.36 
111653924.98 
183677577.38 
242490864.52 
273594470.16 
506256867.84 
565714465.76 
765489136.4 
922045344.88 
1084019996.16 
1317462466.88 
1715837132.16 
2461998000.0 
3531475909.12 
3412567048.96 
3212650072.32 
4152956993.28 
5917190604.8 
6931947252.48 
7361692921.6 
10676834600.96 
10616682091.52 
17242770019.84 
24624049484.8 
6523140348.8 
17042096550.4 
13376577636.96 
30225321308.16 
46971416887.04 
38568876922.88 
51859610900.48 
32449620467.2 
51928191303.68 
53699000627.2 
60632726118.4 
108297195909.12 
111309425725.44 
81413881763.84 
133351170703.36 
159903888609.28 
109846566594.56 
147771436523.52 
146847606292.48 
147213377945.6 
282869416222.72 
225415316520.96 
273479228149.76 
292245058560.0 
305387368325.12 
351650860277.76 
382370467860.48 
287732676618.24 
452764850954.24 
574818665226.24 
550727607746.56 
385546313072.64 
454914660270.08 
841044528988.16 
661573210726.4 
733681651220.48 
958950482042.88 
982794893885.44 
2062690083799.04 
1942199199989.76 
1087199484641.28 
1013665560494.08 
516314389217.28 
1220368553082.88 
1999119486484.48 
1184192420331.52 
1416009351659.52 
