1.1502709609270096 
1.258726451396942 
1.2567375195026398 
1.2538555097579955 
1.2528233170509337 
1.2521812903881073 
1.2522750222682952 
1.2480528879165649 
1.2516826915740966 
1.2515569090843202 
1.250169186592102 
1.250578145980835 
1.25357377409935 
1.2517761445045472 
1.2526364469528197 
1.2517006528377532 
1.2556624829769134 
1.2522769927978517 
1.2510033214092255 
1.2510993254184724 
1.251635386943817 
1.2521698021888732 
1.2514970338344573 
1.2502012526988984 
1.2507659685611725 
1.2529161870479584 
1.2522270834445954 
1.2515376651287078 
1.2513409817218781 
1.2515394115447998 
1.2514317917823792 
1.2513059568405152 
1.252020766735077 
1.2508242011070252 
1.2523374509811402 
1.2524566125869752 
1.252081471681595 
1.2509237790107728 
1.2497548735141755 
1.2512869369983672 
1.250643358230591 
1.251403123140335 
1.2513244593143462 
1.2513283228874206 
1.2512699198722839 
1.2512740981578827 
1.2512426114082336 
1.2516467988491058 
1.251364438533783 
1.2513155484199523 
1.2513170313835145 
1.2511617410182954 
1.2513603281974792 
1.25127645611763 
1.2512950932979583 
1.2512227368354798 
1.2511870157718659 
1.2512754547595977 
1.2512036156654358 
1.2511111509799957 
1.2512486338615418 
1.251249190568924 
1.2513349592685699 
1.251366641521454 
1.2515400791168212 
1.2512095761299133 
1.2512753307819366 
1.2517022860050202 
1.251213653087616 
1.2512476539611816 
1.2512185084819794 
1.251167824268341 
1.251248140335083 
1.2512138509750366 
1.251378140449524 
1.2511960113048552 
1.2511573076248168 
1.2511812770366668 
1.251138197183609 
1.2510209155082703 
1.2511606264114379 
1.2520744895935059 
1.2509744203090667 
1.2501937282085418 
1.2512100267410278 
1.2513530457019806 
1.2511220180988312 
