240.90773634433745 
8750.25674621582 
45480.485771484375 
115450.5283984375 
345070.333359375 
606150.529609375 
941584.760625 
1156012.008125 
3624280.825 
5732257.8 
10053364.2525 
15276558.465 
25538198.0575 
31632567.9025 
57197185.68 
72044728.28 
99382704.92 
111563176.14 
183699646.52 
242393726.2 
273775579.6 
506306716.88 
565284467.68 
765348305.2 
921777973.6 
1084487107.52 
1317344913.92 
1715655090.72 
2462668750.4 
3531876672.0 
3412574575.36 
3209194945.28 
4152775763.84 
5917328656.64 
6928326391.04 
7363188783.36 
10673806727.68 
10612857615.36 
17247126312.96 
24630362337.28 
6523609581.76 
17038736668.16 
13379016492.96 
30220968069.12 
46963215504.64 
38567607859.2 
51867054469.12 
32453486112.64 
51926645539.84 
53693067837.44 
60628441305.6 
108200380620.8 
111344768839.68 
81421849333.76 
133323107799.04 
159855645614.08 
109893955256.32 
147792927303.68 
146896186163.2 
147254572236.8 
282866962759.68 
225513337241.6 
273456091996.16 
292401988567.04 
305351861575.68 
351663209594.88 
382325755985.92 
287978436034.56 
452775617167.36 
574779889623.04 
550607363440.64 
385571981148.16 
454833330913.28 
840968029470.72 
661342746378.24 
733472348733.44 
959071149793.28 
982830494842.88 
2062471802716.16 
1941789848371.2 
1087114134487.04 
1013310429347.84 
516479532277.76 
1220398532198.4 
1999294553128.96 
1184095876382.72 
1416067940843.52 
