0.1991000021994114 
0.2016666701436043 
0.1987333355844021 
0.19936666920781135 
0.20190000295639038 
0.1994666700065136 
0.20010000199079514 
0.20010000333189965 
0.20090000256896018 
0.19990000247955322 
0.19946666836738586 
0.20066666960716248 
0.20266666889190674 
0.1977666684985161 
0.20040000215172768 
0.2012333358824253 
0.19873333632946014 
0.2011000035703182 
0.19940000280737877 
0.19843333527445794 
0.1996000024676323 
0.2004000023007393 
0.2015666690468788 
0.1995000021159649 
0.19873333632946014 
0.19930000185966493 
0.19846666857600212 
0.20063333541154862 
0.1991666692495346 
0.2002333353459835 
0.19930000245571136 
0.20126666888594627 
0.2000666682422161 
0.200600001513958 
0.20053333520889283 
0.19970000207424163 
0.20050000205636023 
0.19830000206828116 
0.19976666808128357 
0.2007666678726673 
0.20143333613872527 
0.2001666684448719 
0.20390000224113464 
0.19980000212788582 
0.20033333584666252 
0.2005000014603138 
0.1989666686952114 
0.20000000134110452 
0.19996666893363 
0.19916666865348817 
0.19970000237226487 
0.1992666681110859 
0.20073333531618118 
0.20010000273585318 
0.20150000214576722 
0.20220000207424163 
0.19916666850447654 
0.1987333355844021 
0.2000333349406719 
0.19966666892170906 
0.20196666955947876 
0.19940000265836716 
0.20003333568572998 
0.20010000333189965 
0.19806666910648346 
0.19953333586454391 
0.20006666898727418 
0.20303333595395087 
0.19800000205636026 
0.19973333582282066 
0.20143333509564398 
0.20033333510160445 
0.20046666860580445 
0.20030000135302545 
0.19923333570361138 
0.20076666951179503 
0.20170000225305557 
0.1976666693389416 
0.2004333359003067 
0.19926666855812072 
0.19806666821241378 
0.20016666889190673 
0.20080000273883342 
0.20100000292062759 
0.2010000030696392 
0.20090000271797182 
0.20163333535194397 
