0.2082666701078415 
0.19990000233054162 
0.19950000301003457 
0.20006667017936708 
0.20003333628177644 
0.20000000298023224 
0.20000000298023224 
0.20233333542943 
0.20003333538770676 
0.20010000213980675 
0.2008333358168602 
0.20083333492279054 
0.199100002348423 
0.20026666939258575 
0.1996666695177555 
0.200066669434309 
0.19846666917204858 
0.19953333526849748 
0.20040000289678572 
0.20016666918992995 
0.200066669434309 
0.19970000252127648 
0.19986666917800902 
0.20066666960716248 
0.20013333603739739 
0.19940000265836716 
0.19940000265836716 
0.20000000298023224 
0.20000000298023224 
0.19996666967868804 
0.19993333593010904 
0.20010000243782997 
0.19960000291466712 
0.20046666949987413 
0.19946666926145554 
0.19933333560824396 
0.1998666688799858 
0.20020000293850898 
0.200933336019516 
0.2000666691362858 
0.20046666979789735 
0.20000000298023224 
0.20000000298023224 
0.20000000298023224 
0.20000000298023224 
0.20000000298023224 
0.2000333361327648 
0.19990000292658805 
0.20000000298023224 
0.20000000298023224 
0.20000000298023224 
0.20006666958332062 
0.20000000298023224 
0.20000000298023224 
0.20000000298023224 
0.20000000298023224 
0.20000000298023224 
0.20000000298023224 
0.20000000298023224 
0.20000000298023224 
0.20000000298023224 
0.20000000298023224 
0.20000000298023224 
0.20000000298023224 
0.20000000298023224 
0.20000000298023224 
0.20000000298023224 
0.19966666921973228 
0.20000000298023224 
0.20000000298023224 
0.20000000298023224 
0.20000000298023224 
0.20000000298023224 
0.20000000298023224 
0.20000000298023224 
0.20000000298023224 
0.20000000298023224 
0.20000000298023224 
0.20000000298023224 
0.20003333643078805 
0.20000000298023224 
0.19956666946411133 
0.2001666696369648 
0.2006000028550625 
0.20000000298023224 
0.19983333632349967 
0.20000000298023224 
