0.4768293797969818 
0.6748906373977661 
0.4272945523262024 
0.3817993402481079 
0.30715295672416687 
0.09272977709770203 
0.2638331651687622 
0.23616020381450653 
0.20841190218925476 
0.1390213668346405 
0.17506609857082367 
0.12337451428174973 
0.2743093967437744 
-0.003150536445900798 
0.055953677743673325 
0.10066848993301392 
0.1232030838727951 
0.09978143870830536 
0.3293555974960327 
0.09575920552015305 
0.11656969785690308 
0.125783309340477 
0.0972457081079483 
0.02286822721362114 
0.1115943044424057 
0.3049861788749695 
-0.00610393937677145 
-0.021045900881290436 
-0.13082845509052277 
-0.0007153823971748352 
0.06267601251602173 
0.02735763043165207 
-0.10690073668956757 
0.14264529943466187 
0.013336705975234509 
-0.03706540912389755 
-0.09634833037853241 
0.037305645644664764 
0.1013106107711792 
0.16403324902057648 
0.3009636700153351 
0.2541953921318054 
0.014041759073734283 
-0.08938907086849213 
-0.039730221033096313 
0.2281206250190735 
-0.01877937838435173 
-0.02368098497390747 
0.25804734230041504 
0.10359500348567963 
0.1771557331085205 
0.09121601283550262 
0.1295192688703537 
0.1569880098104477 
-0.08076714724302292 
0.04750330001115799 
0.015822727233171463 
0.05372564494609833 
0.01781250350177288 
-0.012351632118225098 
0.290168821811676 
0.05308109521865845 
0.16922792792320251 
0.15655875205993652 
0.11876219511032104 
0.07745608687400818 
-0.004973404109477997 
0.06060156226158142 
0.142414391040802 
-0.009129072539508343 
0.1602085530757904 
0.06629433482885361 
0.00803881511092186 
-0.014666348695755005 
0.3249067962169647 
0.10519924014806747 
-0.02652589976787567 
0.13794107735157013 
-0.022505175322294235 
0.1203581690788269 
0.03421344235539436 
-0.057884931564331055 
0.037997350096702576 
-0.07671543210744858 
0.148823082447052 
0.008951759897172451 
-0.010001225396990776 
0.2561970353126526 
0.26169827580451965 
0.17848750948905945 
-0.07404796779155731 
-0.02140635810792446 
-0.09104378521442413 
0.12812167406082153 
0.043731462210416794 
0.02046068012714386 
0.15647810697555542 
0.18150919675827026 
0.10093125700950623 
-0.051662616431713104 
-0.1017022579908371 
-0.016352275386452675 
0.011383849196135998 
0.053384654223918915 
0.05732116103172302 
0.11118876188993454 
-0.023179709911346436 
0.17999665439128876 
0.08359606564044952 
-0.0031341910362243652 
-0.1458204984664917 
-0.004500733222812414 
-0.030785124748945236 
-0.02730434760451317 
0.006925409194082022 
0.08542141318321228 
0.10854849219322205 
0.13343960046768188 
-0.01951126754283905 
0.06112317368388176 
-0.007352317683398724 
0.019805610179901123 
0.014989937655627728 
0.0362568236887455 
0.058090608566999435 
0.058307401835918427 
0.14310529828071594 
0.22176223993301392 
0.16394217312335968 
0.15352170169353485 
0.2551240622997284 
0.2498704493045807 
0.10709449648857117 
0.2380228340625763 
0.09497055411338806 
0.23922207951545715 
0.16690245270729065 
0.010748885571956635 
0.03399865701794624 
0.15142333507537842 
0.023716453462839127 
-0.00528557738289237 
0.161752849817276 
0.13056111335754395 
0.089827761054039 
-0.03299204632639885 
0.1390622854232788 
0.057639800012111664 
0.11177676916122437 
-0.05188416689634323 
0.15415123105049133 
-0.01916484348475933 
0.19091889262199402 
0.00543580949306488 
0.0047082118690013885 
0.07321503013372421 
0.20313028991222382 
-0.025463862344622612 
0.15776556730270386 
0.14860671758651733 
0.309723436832428 
-0.028189972043037415 
0.11044645309448242 
0.03188559040427208 
-0.0022607657592743635 
-0.01620585098862648 
-0.13027778267860413 
0.15956804156303406 
-0.0630984902381897 
-0.05465398728847504 
-0.06675940006971359 
0.037641741335392 
-0.07240623235702515 
0.14764630794525146 
-0.001945406198501587 
-0.010348200798034668 
0.07621036469936371 
0.10228922218084335 
0.17331907153129578 
0.018604403361678123 
0.053925421088933945 
0.0826650932431221 
0.34537583589553833 
-0.10661283135414124 
0.09488992393016815 
-0.0036916583776474 
-0.1392579972743988 
0.1288917511701584 
0.007423905190080404 
0.023252714425325394 
0.05605829879641533 
-0.03478888422250748 
0.12041699886322021 
0.359203577041626 
0.022352445870637894 
-0.006090198643505573 
0.07079756259918213 
0.0033453861251473427 
-0.029820529744029045 
-0.06361951678991318 
0.04052174091339111 
0.1709844321012497 
-0.020778385922312737 
-0.06420496106147766 
0.031240344047546387 
0.036678001284599304 
0.006689995061606169 
-0.028283268213272095 
0.033312663435935974 
0.04418781399726868 
-0.0001187125890282914 
0.13707688450813293 
0.2267826497554779 
0.09400945901870728 
-0.02913973480463028 
-0.04786902293562889 
0.030235683545470238 
-0.024004094302654266 
0.04876156896352768 
-0.11924612522125244 
-0.04775325953960419 
0.19372282922267914 
0.06674405187368393 
0.07282960414886475 
0.16046136617660522 
0.024338319897651672 
0.07790432870388031 
0.13000035285949707 
-0.08524216711521149 
0.2588721513748169 
-0.013713478110730648 
-0.003969009034335613 
0.08929744362831116 
-0.023102648556232452 
0.09217488020658493 
0.12519516050815582 
0.10590541362762451 
0.01515023410320282 
0.1399507224559784 
0.07384268939495087 
0.04097811132669449 
0.19245454668998718 
-0.13932274281978607 
-0.014680309221148491 
0.04194961115717888 
0.07966732978820801 
0.17595933377742767 
0.021298598498106003 
0.043393608182668686 
0.0950445830821991 
-0.13201014697551727 
-0.0361115038394928 
0.20362740755081177 
0.13159291446208954 
0.10693247616291046 
0.027735045179724693 
0.10155351459980011 
0.1352783441543579 
-0.05569310113787651 
-0.06767837703227997 
0.014076225459575653 
0.08997321128845215 
0.05323433130979538 
0.016755562275648117 
0.04971703886985779 
0.155939519405365 
0.0682404488325119 
0.02131994068622589 
-0.05353297293186188 
0.10746188461780548 
-0.10224559903144836 
0.18287217617034912 
0.03156325966119766 
0.01622343808412552 
0.05898872762918472 
0.0431433729827404 
-0.034459006041288376 
0.10373580455780029 
0.1988726258277893 
0.03571278601884842 
0.06340284645557404 
0.028405416756868362 
0.011578375473618507 
-0.03957222029566765 
-0.0052870092913508415 
0.05850544571876526 
0.026895027607679367 
-0.06715711206197739 
0.129579558968544 
0.1283731460571289 
0.08993877470493317 
-0.03531616926193237 
0.0302802212536335 
0.1108199954032898 
0.12574540078639984 
0.003698242362588644 
0.0983300656080246 
-0.004485552664846182 
0.018878325819969177 
0.11182723939418793 
0.0024137820582836866 
0.08321589231491089 
0.04288509115576744 
0.03840037062764168 
0.008175110444426537 
-0.05263545736670494 
0.06255683302879333 
-0.005585881881415844 
0.06905131787061691 
0.09935043752193451 
0.052513785660266876 
0.08903249353170395 
-0.018284238874912262 
-0.06569300591945648 
-0.09262348711490631 
0.11222117394208908 
-0.04514140635728836 
-0.04529719799757004 
-0.03513486310839653 
0.06249864399433136 
0.09167459607124329 
0.019350390881299973 
-0.03967824578285217 
0.2311457097530365 
0.0054023656994104385 
0.004502023570239544 
0.13946014642715454 
0.051162369549274445 
0.1414209008216858 
0.0207916758954525 
0.1564851701259613 
-0.056043267250061035 
0.023981934413313866 
0.03704148158431053 
0.12617498636245728 
0.007845595479011536 
-0.02431957982480526 
-0.11636301875114441 
0.12340694665908813 
0.058743517845869064 
-0.0054350346326828 
0.14935944974422455 
-0.029108047485351562 
-0.013253110460937023 
0.27980631589889526 
-0.06289281696081161 
-0.08442401885986328 
0.030553733929991722 
-0.0430472306907177 
0.019878458231687546 
0.06637436151504517 
-0.10271826386451721 
0.027857234701514244 
-0.060483288019895554 
0.13449548184871674 
0.03026314079761505 
0.011610347777605057 
0.02320137619972229 
-0.012568347156047821 
-0.06149686872959137 
0.055754028260707855 
0.06266751885414124 
0.19078122079372406 
0.024137452244758606 
-0.06674084067344666 
-0.07655894756317139 
-0.015196218155324459 
0.004865455441176891 
0.0887824296951294 
0.0260580163449049 
0.01239013671875 
0.16784140467643738 
0.07639278471469879 
0.05041087791323662 
0.06828249245882034 
0.04882966727018356 
0.05424788221716881 
0.04122432693839073 
0.13106924295425415 
-0.12330561876296997 
0.057788871228694916 
-0.02343815565109253 
-0.08050768077373505 
0.12118273228406906 
0.05283820256590843 
-0.026920055970549583 
0.055646862834692 
0.19002920389175415 
0.0014697399456053972 
0.01777806505560875 
0.049942344427108765 
0.11327119171619415 
0.10569395869970322 
-0.18253295123577118 
-0.02414933405816555 
0.05837356671690941 
-0.04638857766985893 
-0.033473219722509384 
0.12656700611114502 
-0.0872793197631836 
-0.0057602329179644585 
0.02025495283305645 
0.036326732486486435 
0.030991002917289734 
0.10620278120040894 
0.12266850471496582 
0.030388519167900085 
0.07086548954248428 
0.21245765686035156 
0.07674135267734528 
0.07635559886693954 
0.12398841977119446 
-0.04230440780520439 
-0.004015657119452953 
0.1261145919561386 
0.026186829432845116 
-0.014762933366000652 
0.044942181557416916 
-0.05558399483561516 
-0.03936656564474106 
0.08661346137523651 
-0.01458650827407837 
-0.0724770575761795 
0.029614871367812157 
0.08720146864652634 
0.04042806848883629 
0.05260884761810303 
0.18661479651927948 
0.025318481028079987 
-0.0315265953540802 
-0.04236943647265434 
0.03419698774814606 
0.11742447316646576 
-0.0006394734373316169 
-7.493297744076699e-05 
-0.05291134864091873 
0.0014689862728118896 
0.20093439519405365 
-0.026937656104564667 
-0.030896207317709923 
0.06891200691461563 
-0.012054800055921078 
-0.03902437910437584 
0.0866188108921051 
0.12608319520950317 
0.03990202769637108 
-0.0703955888748169 
-0.040096163749694824 
-0.08982227742671967 
-0.02595732919871807 
0.056460365653038025 
0.032300692051649094 
-0.04799635708332062 
0.1658855378627777 
-0.03619532659649849 
-0.00219459505751729 
-0.1452723890542984 
-0.03154776990413666 
-0.11564113944768906 
0.03496135026216507 
-0.05195885896682739 
-0.11072450876235962 
0.0840928703546524 
0.0174042247235775 
-0.04309144243597984 
-0.00021512310195248574 
0.06960490345954895 
0.0017457555513828993 
-0.042716994881629944 
0.057450421154499054 
0.12773370742797852 
-0.09363515675067902 
0.17650549113750458 
-0.0394437238574028 
-0.08008521795272827 
-0.007514674216508865 
-0.0686635822057724 
0.18021950125694275 
-0.07132541388273239 
0.016069646924734116 
0.10132162272930145 
-0.04392378777265549 
0.02656017616391182 
-0.08710573613643646 
-0.05628642439842224 
0.01656770333647728 
-0.010980851016938686 
0.05957822501659393 
-0.0029246616177260876 
0.08979415893554688 
0.021626261994242668 
0.07393239438533783 
-0.033072635531425476 
0.15585994720458984 
-0.041188035160303116 
-0.0069295926950871944 
-0.0627426728606224 
0.03240211680531502 
0.10508587211370468 
-0.05073554441332817 
0.03852496296167374 
0.1280970424413681 
0.0994516909122467 
-0.017320260405540466 
-0.003706539748236537 
-0.11867918819189072 
-0.053840041160583496 
0.22247248888015747 
-0.05261523649096489 
0.053609274327754974 
0.08214946836233139 
0.13152481615543365 
-0.012869209051132202 
-0.047220319509506226 
-0.07304325699806213 
-0.004779498092830181 
-0.019158218055963516 
0.06252986937761307 
-0.002082526683807373 
0.011505581438541412 
-0.05650711804628372 
0.05205821990966797 
-0.08755747973918915 
-0.09552307426929474 
0.06339745968580246 
0.034493304789066315 
0.0037583112716674805 
-0.13274362683296204 
0.13475853204727173 
0.04026390612125397 
-0.007263600826263428 
-0.02706918865442276 
-0.029693514108657837 
-0.03293851017951965 
-0.00949980691075325 
0.10844092071056366 
0.22799146175384521 
0.11949312686920166 
-0.09839390963315964 
-0.0437079593539238 
0.04292948171496391 
0.18093591928482056 
0.08014868199825287 
0.041271429508924484 
-0.07924547791481018 
-0.06102918088436127 
-0.002996785333380103 
0.1154717206954956 
0.1671271026134491 
0.014399701729416847 
-0.10988663136959076 
-0.14647147059440613 
0.08547474443912506 
0.030525077134370804 
0.07485324144363403 
-0.0670362338423729 
0.026891734451055527 
-0.006026574410498142 
-0.10733591020107269 
0.008642446249723434 
0.11719965934753418 
-0.028777986764907837 
-0.08534115552902222 
0.08145032078027725 
-0.08086389303207397 
-0.058642368763685226 
-0.09237273037433624 
0.011639684438705444 
-0.010146222077310085 
-0.03541749343276024 
-0.01795470528304577 
0.026598941534757614 
0.0437375083565712 
-0.0012590568512678146 
0.17679381370544434 
-0.05881856381893158 
0.158075749874115 
0.064668670296669 
-0.036959532648324966 
0.005961179733276367 
0.09323477745056152 
-0.04151339456439018 
0.013196989893913269 
0.018893416970968246 
0.025212503969669342 
-0.06109772250056267 
-0.02098013460636139 
0.17717644572257996 
0.0007047727704048157 
-0.07954124361276627 
-0.018730517476797104 
0.09686705470085144 
-0.06334131211042404 
-0.12839089334011078 
-0.00884648971259594 
-0.07540746033191681 
0.12940040230751038 
-0.04668430611491203 
0.11441963911056519 
-0.05377255007624626 
0.04044666886329651 
-0.08724808692932129 
0.016355901956558228 
-0.14596503973007202 
-0.1287749707698822 
0.028498545289039612 
0.032116539776325226 
-0.0589510016143322 
-0.0004505117831286043 
0.0002481602132320404 
-0.03710012882947922 
0.005175943486392498 
-0.0401870533823967 
0.06490123271942139 
0.03758560121059418 
-0.017876621335744858 
-0.019658802077174187 
-0.08513175696134567 
-0.012269273400306702 
-0.08018232136964798 
-0.012674964964389801 
0.182564839720726 
-0.09294532984495163 
0.06659900397062302 
0.0624406561255455 
-0.010237401351332664 
0.1288595199584961 
0.06654838472604752 
-0.0849175676703453 
-0.06363110989332199 
0.09812720865011215 
0.12280046939849854 
-0.03438307344913483 
0.021473681554198265 
-0.1346866339445114 
-0.03971099480986595 
0.0908602699637413 
-0.08618581295013428 
0.022982118651270866 
0.03418487310409546 
0.1467883288860321 
-0.09869828075170517 
-0.07024059444665909 
0.026515375822782516 
-0.06357523053884506 
-0.04372527822852135 
0.05990463122725487 
-0.06336887925863266 
0.045855872333049774 
-0.07083562016487122 
0.21061889827251434 
0.05449586361646652 
0.04599333927035332 
0.09951435029506683 
0.12889587879180908 
0.01644791290163994 
0.0479186475276947 
-0.03749152272939682 
0.0577930323779583 
0.017730481922626495 
0.10017874836921692 
0.021825846284627914 
0.06393861770629883 
-0.06092777103185654 
0.006734485737979412 
0.029312346130609512 
0.0757916271686554 
-0.024891871958971024 
-0.0088913943618536 
-0.06253620982170105 
0.32296517491340637 
0.0601646825671196 
0.15792569518089294 
-0.03619472309947014 
-0.0070486171171069145 
-0.036752380430698395 
-0.02122359722852707 
0.0554531067609787 
-0.008970258757472038 
0.020513959228992462 
0.06952594965696335 
-0.02476857602596283 
-0.021440614014863968 
0.11336534470319748 
0.18135492503643036 
-0.035806410014629364 
-0.05025620758533478 
0.07513342052698135 
-0.0017137987306341529 
0.025478681549429893 
0.0056036291643977165 
-0.020504619926214218 
-0.012183110229671001 
0.10243529081344604 
-0.054652612656354904 
0.0013721734285354614 
-0.04018881916999817 
-0.11683924496173859 
-0.10296714305877686 
0.053169168531894684 
-0.06426723301410675 
0.07984413206577301 
-0.02826446294784546 
0.04260219261050224 
0.11056610196828842 
-0.01046780776232481 
-0.007770161144435406 
0.022666743025183678 
0.07731569558382034 
-0.020709343254566193 
0.16038718819618225 
-0.027857288718223572 
0.04755443334579468 
-0.030072227120399475 
-0.10340322554111481 
0.06695646047592163 
0.06758368015289307 
-0.124212846159935 
-0.03129427880048752 
0.02414744906127453 
0.04263335466384888 
-0.02727174013853073 
0.09112916886806488 
0.1289716362953186 
0.03378249704837799 
-0.04269290715456009 
-0.06695682555437088 
-0.03915402293205261 
0.023192262277007103 
-0.02371704950928688 
-0.08472298085689545 
0.00570529792457819 
0.015322543680667877 
0.026434948667883873 
-0.028255579993128777 
-0.07571516931056976 
-0.002489338396117091 
0.03669841215014458 
0.018691515550017357 
-0.06681255251169205 
0.022130420431494713 
-0.014389930292963982 
0.057398419827222824 
-0.01200292818248272 
0.12032391875982285 
-0.029607577249407768 
-0.05455419421195984 
0.08966872096061707 
-0.06942951679229736 
0.007793962024152279 
-0.0021146039944142103 
0.02100902795791626 
-0.02039325423538685 
0.14058120548725128 
-0.10579343885183334 
0.032121557742357254 
0.036446262151002884 
-0.012175309471786022 
0.1704079955816269 
-0.008862356655299664 
-0.016265735030174255 
0.2208486646413803 
-0.014048432931303978 
0.12029023468494415 
0.0596892349421978 
0.06911670416593552 
-0.1335214227437973 
-0.05708187073469162 
-0.07799887657165527 
0.09133778512477875 
0.06247904151678085 
0.026819972321391106 
0.07656913250684738 
0.00857405923306942 
0.019174396991729736 
-0.07865452021360397 
-0.005666292738169432 
0.10565122216939926 
-0.03926881402730942 
-0.07910655438899994 
0.0386088527739048 
-0.1083497554063797 
-0.05198564752936363 
0.04275169596076012 
-0.03437511622905731 
-0.06422743201255798 
-0.0054613156244158745 
0.015480035915970802 
0.03486020863056183 
0.02710634469985962 
-0.06001020595431328 
-0.021395046263933182 
0.02197756990790367 
-1.512095332145691e-05 
0.055144842714071274 
-0.03909216448664665 
0.05480268597602844 
0.06855343282222748 
-0.10127358883619308 
-0.08794649690389633 
-0.08095715939998627 
-0.06939290463924408 
0.01998227834701538 
0.06371544301509857 
0.09318669885396957 
0.08335734903812408 
0.09901946038007736 
-0.033790044486522675 
0.014635324478149414 
0.07994299381971359 
-0.12329977750778198 
0.01482026930898428 
