0.06285860389471054 
0.10569759458303452 
0.04966851696372032 
0.03292541950941086 
0.1208915114402771 
0.008462662808597088 
0.026100464165210724 
0.005534505471587181 
-0.0003801447746809572 
-0.00011846136476378888 
0.015111541375517845 
0.01973699778318405 
0.013296646997332573 
-0.002357713645324111 
-0.0003029866493307054 
0.009376070462167263 
0.0010552059393376112 
0.002727373270317912 
0.02817079983651638 
0.002116863150149584 
0.0069372630678117275 
0.00848290603607893 
-0.005678592249751091 
0.0023318580351769924 
0.0003749881580006331 
0.018480055034160614 
-0.0008641022141091526 
-0.0038853827863931656 
-0.005909278988838196 
0.002116865711286664 
-0.001408869749866426 
0.0018392708152532578 
-0.004982097540050745 
0.011349632404744625 
-0.001794016337953508 
-0.0010901138884946704 
-0.003487364389002323 
0.0014509380562230945 
0.0038044420070946217 
0.002721506869420409 
0.013750146143138409 
0.01196073554456234 
-0.0039987419731915 
-0.0018235555617138743 
-0.00343029061332345 
0.0036870106123387814 
-0.0011509961914271116 
-0.001231134869158268 
0.013271535746753216 
0.00221804017201066 
0.004443423822522163 
-0.000385041581466794 
0.012186398729681969 
0.006156259682029486 
-0.0044654859229922295 
0.016290802508592606 
-0.0006020941655151546 
0.02165079675614834 
0.0023472504690289497 
-0.00854873564094305 
0.0627494603395462 
0.01062206830829382 
0.00804143026471138 
0.016247570514678955 
0.013948975130915642 
-0.0017442088574171066 
-0.0053445082157850266 
-0.008213343098759651 
0.008257168345153332 
0.009436281397938728 
0.004105949774384499 
0.03178003430366516 
-0.00033925939351320267 
-0.004587238654494286 
0.0217055045068264 
0.008685188367962837 
-0.0017313759308308363 
0.005836479365825653 
-0.011717933230102062 
0.01847154274582863 
-0.005772440694272518 
0.0008222790202125907 
0.004872186109423637 
-0.0053528547286987305 
0.012084603309631348 
0.00035816285526379943 
0.004914289340376854 
0.06540971994400024 
0.031118517741560936 
0.01007881946861744 
-0.007555612828582525 
-0.0008629922522231936 
-0.019689040258526802 
0.003462237073108554 
-0.0002855365164577961 
0.010885551571846008 
0.030356314033269882 
0.03514503687620163 
0.02501317858695984 
-0.029286367818713188 
-0.012389473617076874 
-0.005901605822145939 
-0.0057033151388168335 
0.00016158385551534593 
0.00530015304684639 
0.010173917748034 
0.0028372853994369507 
0.004348946735262871 
0.0008604656322859228 
0.003301784861832857 
-0.025233229622244835 
0.004287317860871553 
-0.00239734910428524 
-0.01572597026824951 
0.010622157715260983 
0.004220329690724611 
0.010198960080742836 
0.01580844819545746 
0.0035672946833074093 
0.0061913663521409035 
-0.0011457670480012894 
0.01720159873366356 
0.004439484793692827 
-0.0015872751828283072 
0.0025952074211090803 
0.004134513437747955 
-0.001188887283205986 
0.0038011614233255386 
0.0038704629987478256 
0.0016107598785310984 
0.006803692784160376 
0.005188398994505405 
0.0024977533612400293 
0.0031743799336254597 
0.0036333329044282436 
0.007512330077588558 
0.004007120616734028 
5.381478331401013e-05 
-7.428694516420364e-06 
0.0020930133759975433 
-0.000668449210934341 
0.0005770520074293017 
0.004546141251921654 
0.0006626014364883304 
0.0006584503571502864 
-0.0013034053845331073 
0.0023165543098002672 
0.0005434235790744424 
0.00043476963764987886 
-0.0008778790943324566 
0.0003303421544842422 
-0.0005173281533643603 
0.0020117517560720444 
-0.0009647353435866535 
0.0007069827406667173 
8.092607458820567e-05 
0.0031206607818603516 
-0.0004091016890015453 
0.0021539160516113043 
0.0010789199732244015 
0.0012559167807921767 
-0.00034490140387788415 
0.0006806023302488029 
-0.0012320149689912796 
0.0003892833774443716 
-0.00012132845586165786 
-0.0025598728097975254 
0.0024401431437581778 
-0.00035224127350375056 
-4.34235371358227e-05 
-0.0012441304279491305 
-0.000799304514657706 
-0.0005611159722320735 
0.0018201633356511593 
-7.734999235253781e-05 
-0.00018988989177159965 
0.0004954759497195482 
0.0007950069848448038 
0.0006554843857884407 
-0.00087935128249228 
0.0005104329902678728 
0.0009532074327580631 
0.003908591344952583 
-0.0011864984408020973 
0.0017197401029989123 
-1.227632583322702e-05 
-0.0015632298309355974 
0.006475882604718208 
0.001204011496156454 
0.006216890178620815 
0.006477903574705124 
-0.003389823716133833 
0.04413073882460594 
0.010679814033210278 
0.011539237573742867 
0.0006925763445906341 
0.002381044439971447 
0.000945769133977592 
0.0008313864236697555 
-0.0012884978204965591 
-0.0006507370853796601 
0.0011590102221816778 
-0.0006355702644214034 
-0.00033905330928973854 
0.0006862212321721017 
-7.151156751206145e-05 
0.0021464868914335966 
-0.00918777845799923 
0.0008856193162500858 
0.0024560464080423117 
0.00014472287148237228 
0.004192880354821682 
0.010171881876885891 
0.002309093251824379 
-0.00384894828312099 
-0.002504792995750904 
0.0025785607285797596 
-0.0035882429219782352 
0.0009569645626470447 
-0.0021447092294692993 
-0.00029255353729240596 
0.0061314282938838005 
0.003359922906383872 
0.0028389065992087126 
0.001988748088479042 
-0.003258115379139781 
7.188182644313201e-05 
0.0029338046442717314 
-0.0007584476843476295 
0.0015842958819121122 
-0.0031426295172423124 
-0.0026171503122895956 
0.0002696446026675403 
-0.00036847201408818364 
0.0020271644461899996 
0.0023859539069235325 
0.0016188228037208319 
-0.0009503315086476505 
0.0015560903120785952 
0.0024624920915812254 
0.00034092259011231363 
0.0019505660748109221 
-0.0028301537968218327 
-0.003619513474404812 
-0.001497328164987266 
0.0013030626578256488 
0.0034201776143163443 
-0.0019050783012062311 
0.001513677998445928 
0.0006748352898284793 
-0.002915918594226241 
-0.0010341918095946312 
0.0017506427830085158 
-0.0003673646133393049 
0.0002082649152725935 
-0.00013394518464338034 
0.0004090879228897393 
0.0027312482707202435 
-0.0019030248513445258 
-0.0008395840413868427 
-0.0010723823215812445 
-0.0005251758266240358 
0.00040905358036980033 
-0.0008440223755314946 
-0.0007145574782043695 
0.0018150688847526908 
-0.0005169515497982502 
-0.0008100354461930692 
-0.0010182440746575594 
0.0007103988900780678 
-0.0010530271101742983 
0.0003078884328715503 
0.00086515600560233 
0.0011780539061874151 
0.001174723613075912 
0.0004980169469490647 
-0.00020270943059585989 
0.0025702975690364838 
0.00052501424215734 
-0.0008324325899593532 
0.001471195719204843 
0.0009769786847755313 
0.0016989132855087519 
-0.0020818631164729595 
-0.0028434167616069317 
-0.0011092610657215118 
-0.000833753845654428 
-0.0006032751407474279 
0.0029249682556837797 
0.003213184652850032 
-0.001769224414601922 
-0.003156594932079315 
-0.0009007401531562209 
0.003943305928260088 
0.00142943998798728 
-5.7007226132554933e-05 
0.0029918248765170574 
-0.0006209795828908682 
0.00035809745895676315 
0.00394914485514164 
-0.0023492206819355488 
0.0008171539520844817 
0.0021650660783052444 
-0.001277004019357264 
-0.00012548160157166421 
-0.00277648214250803 
0.001431439071893692 
-0.0003992085694335401 
-0.0005391277372837067 
0.0016827015206217766 
0.006476927548646927 
0.0010673669166862965 
-0.0006087619694881141 
-0.0017376728355884552 
-0.0005298910546116531 
0.000489187310449779 
-0.0007879535551182926 
-0.004127820022404194 
-0.0030767794232815504 
-0.002452954649925232 
0.007850010879337788 
0.006421159021556377 
-0.0025920504704117775 
0.006220616400241852 
-0.0013566891429945827 
-0.0008890526369214058 
-0.0023103966377675533 
0.03438457474112511 
0.0018601377960294485 
-0.012076012790203094 
0.005464451387524605 
-0.004105173982679844 
-0.0035489308647811413 
0.005550254136323929 
0.010891277343034744 
0.0024948781356215477 
-0.010816775262355804 
-0.007389666046947241 
0.028243962675333023 
0.0048331571742892265 
0.003204096807166934 
0.01913314126431942 
-0.00541721424087882 
-0.002119311597198248 
0.02163626067340374 
-0.003423696383833885 
-0.012886914424598217 
0.004317841958254576 
-0.0014551638159900904 
0.0008681865874677896 
-0.000927407993003726 
-0.0031276303343474865 
0.0005021083634346724 
-0.010500343516469002 
0.002991253975778818 
0.00033621920738369226 
0.01140584796667099 
0.001877513132058084 
0.0002414756891084835 
-0.0017770074773579836 
-0.0021489171776920557 
4.058626291225664e-05 
0.008440406993031502 
0.00037295883521437645 
-0.0008267192170023918 
-0.002909308299422264 
-0.0011553288204595447 
-0.00022829324007034302 
-0.0006975567666813731 
0.000961148296482861 
0.0028169103898108006 
0.0022118331398814917 
0.008063413202762604 
-0.0006167145329527557 
0.004360300488770008 
0.0033190608955919743 
-0.0026664123870432377 
0.000771394232288003 
0.006449215114116669 
-0.013086295686662197 
4.008988616988063e-05 
0.011821883730590343 
-0.010367076843976974 
-0.005772276781499386 
0.017182860523462296 
-0.003213622374460101 
0.01836976408958435 
0.002036004327237606 
-0.00625969935208559 
0.009353697299957275 
-0.003227995242923498 
0.006749369204044342 
0.002727532759308815 
-0.00275268848054111 
-0.0009951266692951322 
-0.0020686108618974686 
-0.012673529796302319 
-0.005065004341304302 
-0.00765296071767807 
0.0019631958566606045 
0.002560071647167206 
-0.001920218113809824 
0.010860424488782883 
-0.007774521596729755 
0.0189021248370409 
0.00869646854698658 
-0.0006819513509981334 
0.006166904699057341 
0.017610540613532066 
-0.004029899835586548 
0.043827395886182785 
0.012624627910554409 
0.0001449444971513003 
-0.003251379821449518 
0.0047837672755122185 
-5.1495266234269366e-05 
9.064485311682802e-06 
0.007318179123103619 
-0.0056380899623036385 
-0.007923727855086327 
0.009732245467603207 
-0.00023521739058196545 
-0.004655912518501282 
-0.0007650958723388612 
0.0015299094375222921 
0.00013858836609870195 
0.009158545173704624 
0.004891599528491497 
0.007507374510169029 
-0.0029602376744151115 
5.7364370150025934e-05 
-0.00012298014189582318 
0.004835187457501888 
-0.0031716336961835623 
0.0018835918745025992 
-0.007887011393904686 
0.021122461184859276 
0.13872525095939636 
0.0013063640799373388 
-0.009717616252601147 
-0.007265153340995312 
-0.00290313339792192 
-0.004461187869310379 
0.011640848591923714 
0.00021492069936357439 
0.004773731343448162 
-0.009766761213541031 
-0.024570172652602196 
-0.0158097967505455 
0.010094376280903816 
-0.009838983416557312 
0.0012937800493091345 
0.0026850588619709015 
0.051662296056747437 
-0.006038598250597715 
-0.005846988409757614 
-0.03304978460073471 
-0.002905140398070216 
-0.010663177818059921 
-0.0015452876687049866 
0.0005349414423108101 
-0.0189657099545002 
0.12743398547172546 
0.02516523003578186 
0.0007262909784913063 
0.002166908700019121 
0.009240778163075447 
-0.0032745199277997017 
-0.009106944315135479 
0.0029047548305243254 
0.0029216124676167965 
-0.036115989089012146 
0.09606015682220459 
0.0021660614293068647 
0.006404883228242397 
-0.019211968407034874 
-0.004477213136851788 
0.07275082170963287 
-0.007348652929067612 
0.00496755912899971 
0.007447213865816593 
-0.00933633279055357 
0.010554066859185696 
0.0010602171532809734 
0.004497682675719261 
-0.002636323217302561 
-0.004567861557006836 
0.012456896714866161 
-0.00208108639344573 
0.0007448670221492648 
-0.0042650578543543816 
0.010403765365481377 
-0.015255875885486603 
0.0031216368079185486 
-0.007720484398305416 
0.008657045662403107 
-0.001980340573936701 
-0.0027841697447001934 
0.018228646367788315 
-0.0020713000558316708 
0.010570108890533447 
0.056382738053798676 
-0.0014927140437066555 
0.00586018105968833 
-0.0008444878621958196 
0.008713847026228905 
-0.006698432844132185 
0.009773287922143936 
-0.0010137406643480062 
0.011395448818802834 
0.0013555613113567233 
0.01769816316664219 
-0.0007303766906261444 
-0.002215026877820492 
-0.0027181855402886868 
-0.0030463160946965218 
-0.0018453950760886073 
0.00015911755326669663 
-0.0011214682599529624 
-0.00014248304069042206 
-0.0035397158935666084 
-0.008428690955042839 
-0.0031111666467040777 
0.003554448951035738 
0.0004443530342541635 
-0.008244086056947708 
-0.00035616569221019745 
-0.002030082745477557 
0.02467368170619011 
0.0011036181822419167 
-0.007154946681112051 
-0.0031604960095137358 
-0.007744507864117622 
0.0016761248698458076 
-0.002052067779004574 
0.0016792772803455591 
-0.000760292517952621 
0.008257750421762466 
-0.006759687326848507 
-0.002776176668703556 
-0.0017475630156695843 
0.021810730919241905 
0.01697835698723793 
0.006353223230689764 
0.004146951716393232 
-0.006732798647135496 
-0.0019045163644477725 
0.008470108732581139 
0.006906530819833279 
0.0010420650942251086 
-0.001370975747704506 
-0.007529521360993385 
0.0006011226214468479 
-0.0017570534255355597 
-0.006819180212914944 
0.0004906747490167618 
-0.004744658246636391 
0.005726566072553396 
-0.0030447780154645443 
-0.0025790079962462187 
0.003024491248652339 
-0.0009148229728452861 
0.002713658381253481 
-0.002198750153183937 
-0.006010326556861401 
0.0008365423418581486 
-0.005077921319752932 
-0.005304879974573851 
-0.0011665716301649809 
-0.0026022016536444426 
-0.00011869333684444427 
0.006631874945014715 
0.004651342518627644 
-0.004847380798310041 
0.01028485968708992 
-0.0017648017965257168 
0.004417224787175655 
0.007097532041370869 
-0.0004502383526414633 
0.0024679508060216904 
0.010030627250671387 
-0.00031499643228016794 
-0.0024525427725166082 
0.0008460606331937015 
0.007466972805559635 
0.006613937672227621 
0.002541319001466036 
0.01153339259326458 
-0.0016098832711577415 
-0.0026914896443486214 
0.005301560740917921 
0.004670876078307629 
-0.004411421716213226 
-0.00468672439455986 
-0.002123794052749872 
-0.002554089529439807 
0.0009217517217621207 
-0.006334034260362387 
0.006732562091201544 
-0.002188584301620722 
0.002306921873241663 
-0.005139511078596115 
-0.005593381822109222 
0.003114007180556655 
-0.006427054759114981 
0.014570210129022598 
0.0005543121369555593 
0.0009202156215906143 
0.003481177380308509 
-0.002652353374287486 
0.004275564569979906 
0.006373749114573002 
-0.0004104503896087408 
0.0045777284540236 
-0.0014789834385737777 
0.008772145956754684 
-0.001325700432062149 
-0.012146811001002789 
-0.0033210485707968473 
-0.0033229412510991096 
-0.00684708496555686 
0.004350501112639904 
-0.0012937613064423203 
-0.0012372478377074003 
0.00042759720236063004 
-0.0008088322356343269 
0.019147686660289764 
0.0013288551708683372 
-0.01004378218203783 
-0.008138692937791348 
0.001979175955057144 
0.0006522639887407422 
-0.0115163903683424 
0.0032301980536431074 
-0.0010686342138797045 
0.0022805319167673588 
-0.0025646002031862736 
-0.006303157191723585 
0.0014233574038371444 
-0.005374777130782604 
0.01441756822168827 
-0.0019277269020676613 
-9.535299614071846e-05 
-0.000674874521791935 
-0.004438471980392933 
0.006367754191160202 
0.0015006745234131813 
-0.0020201571751385927 
0.0003423777816351503 
-0.007205448113381863 
0.0019245886942371726 
0.016698677092790604 
0.004907810129225254 
0.0008406809065490961 
-0.0015059493016451597 
-0.0005595936090685427 
0.017251409590244293 
-0.0035739820450544357 
-0.007456518243998289 
0.002420984674245119 
0.002454268978908658 
0.007448792457580566 
-0.0007086805999279022 
-0.005352233536541462 
-0.002841794630512595 
-0.003052195068448782 
0.0017392960144206882 
-0.0016162770334631205 
-0.0001248020853381604 
-0.011030629277229309 
0.06092159077525139 
-0.0020750127732753754 
0.017386198043823242 
-0.017060622572898865 
-0.015342122875154018 
-0.009603275917470455 
-0.0028021056205034256 
0.014281095936894417 
-0.006933958735316992 
-0.01290881633758545 
0.003852832829579711 
-0.0006812128121964633 
-0.00248161843046546 
0.007997162640094757 
0.011783426627516747 
-0.00030758854700252414 
-0.004956136457622051 
-0.001981070963665843 
-0.0007839274476282299 
0.006588305346667767 
-0.0040257591754198074 
-0.018216922879219055 
-0.006900885608047247 
0.012034719809889793 
-0.001587200677022338 
-0.015886997804045677 
0.0014808470150455832 
-0.0054460614919662476 
-0.0015961223980411887 
-0.0007480343338102102 
-0.010549092665314674 
-0.0023844758979976177 
-0.011065920814871788 
0.012995263561606407 
0.0017482907278463244 
0.005242814775556326 
-0.004756453447043896 
-0.019405074417591095 
0.008957037702202797 
-0.0060195317491889 
0.006661301478743553 
-0.005481402389705181 
0.006826222874224186 
-0.0002567448536865413 
-0.009717477485537529 
0.00018841668497771025 
0.008184517733752728 
0.003711539087817073 
0.008368778973817825 
-0.0026787135284394026 
-0.001215256517753005 
0.0012077218852937222 
0.008520989678800106 
0.0023937984369695187 
0.018809806555509567 
-0.004246898461133242 
-0.006406712345778942 
0.001950073055922985 
0.009762940928339958 
0.003433012403547764 
-0.004276148974895477 
-0.0034523378126323223 
-0.002620985498651862 
0.004119728691875935 
-0.0024162556510418653 
0.00036631867988035083 
0.0024833499919623137 
-0.001319312839768827 
0.0004916572361253202 
0.006695008836686611 
0.005198951810598373 
-0.004111954942345619 
0.004276026040315628 
-0.005660681985318661 
0.02329995110630989 
0.004804505035281181 
-0.0013159000081941485 
-0.0003840915742330253 
-0.014872333034873009 
-0.00080135278403759 
-0.008594321087002754 
-0.0022400985471904278 
-0.0011972805950790644 
0.003871319815516472 
-0.0043798815459012985 
-0.005104365758597851 
0.004591739270836115 
0.0020918562076985836 
0.008547831326723099 
0.005118140485137701 
-0.0011905210558325052 
0.005750568117946386 
-0.0007059820927679539 
0.0012515729758888483 
-0.0010630376636981964 
0.0001697263214737177 
-0.003316178685054183 
-0.00798024982213974 
0.0023064231500029564 
0.023089777678251266 
0.004900461062788963 
0.0005337208858691156 
-0.00013105626567266881 
0.0010188522282987833 
0.009818530641496181 
0.001933705061674118 
0.009522706270217896 
0.007343880366533995 
0.00015277706552296877 
-0.007064213510602713 
-0.0070268092676997185 
-0.004306710325181484 
-0.006448226980865002 
-0.00043801486026495695 
-0.002895412500947714 
0.0025366172194480896 
-0.002837246749550104 
-0.03259030729532242 
-0.0035073179751634598 
-0.0035546673461794853 
-0.003954001702368259 
0.0009597968310117722 
0.0068285418674349785 
-0.0032210571225732565 
-0.005987015552818775 
-0.0005140443099662662 
0.00035353394923731685 
0.016804615035653114 
-0.0012809111503884196 
-0.001969659700989723 
-0.004017937928438187 
0.011906947009265423 
0.002070680260658264 
0.0024937919806689024 
0.0016063661314547062 
-0.003346402896568179 
0.020379776135087013 
-0.0005374896572902799 
-0.004810390528291464 
-0.0013989116996526718 
-0.008622270077466965 
0.001613774336874485 
