2.8651978969573975 
6.303651809692383 
1.2058045864105225 
1.0632812976837158 
0.682208776473999 
0.20558786392211914 
0.4160088300704956 
0.21615390479564667 
0.16506141424179077 
0.07017968595027924 
0.0789056345820427 
0.12738677859306335 
0.16292409598827362 
-0.006339230574667454 
0.040795452892780304 
0.05633743852376938 
0.07364537566900253 
0.04864314943552017 
0.21024386584758759 
0.08170265704393387 
0.07856784760951996 
0.05067191645503044 
0.0454552136361599 
0.0081426240503788 
0.08516789972782135 
0.23447343707084656 
0.017256570979952812 
-0.014493627473711967 
-0.059995025396347046 
0.0003197472542524338 
0.03372111916542053 
0.007956855930387974 
-0.06276899576187134 
0.06804902851581573 
0.013211721554398537 
-0.019861984997987747 
-0.0931248888373375 
0.023570893332362175 
0.03180955350399017 
0.17519047856330872 
0.13222438097000122 
0.14024944603443146 
0.011912050656974316 
-0.027171147987246513 
-0.029544470831751823 
0.10231673717498779 
-0.02676970884203911 
0.00251581403426826 
0.14132660627365112 
0.03717605024576187 
0.11412076652050018 
0.02401251718401909 
0.05791463702917099 
0.0594918429851532 
-0.04156083986163139 
0.04551243036985397 
0.008758258074522018 
-0.0036249980330467224 
-0.0012414002558216453 
0.006017692387104034 
0.1588158756494522 
0.03810322284698486 
0.07385466992855072 
0.0730302482843399 
0.05950314924120903 
0.05803384631872177 
0.0023309756070375443 
0.07539328932762146 
0.05783148109912872 
0.013199811801314354 
0.09252943098545074 
0.027239885181188583 
0.006872797384858131 
-0.012784412130713463 
0.15476572513580322 
0.03293132036924362 
-0.015795905143022537 
0.08453184366226196 
-0.0011459903325885534 
0.09345723688602448 
0.03323831409215927 
0.013267576694488525 
0.02490381710231304 
-0.07557648420333862 
0.12751707434654236 
0.006428536027669907 
-0.014354376122355461 
0.1589219570159912 
0.23619437217712402 
0.08873654901981354 
-0.024763118475675583 
-0.009810608811676502 
-0.02720223367214203 
0.04557035118341446 
0.016151592135429382 
0.021923502907156944 
0.04111760854721069 
0.11891204118728638 
0.033794622868299484 
-0.007447697222232819 
-0.021698765456676483 
0.004274429753422737 
0.008053365163505077 
0.019375991076231003 
0.016647888347506523 
0.046788617968559265 
-0.007547381799668074 
0.04886844754219055 
0.02906144969165325 
0.012944447807967663 
-0.061928607523441315 
-0.0012246358674019575 
-0.0007817546720616519 
-0.009526001289486885 
0.04549127444624901 
0.02876722812652588 
0.029883673414587975 
0.04941105470061302 
0.012272238731384277 
0.01152926217764616 
0.009730758145451546 
-0.0017509483732283115 
0.00522820046171546 
0.014460760168731213 
0.025912731885910034 
0.044333528727293015 
0.0976266860961914 
0.11857891082763672 
0.11131662130355835 
0.04373287782073021 
0.1470692753791809 
0.13257628679275513 
0.044912662357091904 
0.09496425092220306 
0.06309603154659271 
0.1524936407804489 
0.2675132751464844 
0.012606030330061913 
0.04567381739616394 
0.10914909839630127 
0.012692372314631939 
-0.004459569230675697 
0.08771535754203796 
0.05209573730826378 
0.020176729187369347 
0.007320878561586142 
0.06121039018034935 
0.02302698791027069 
0.03984048590064049 
-0.04295977205038071 
0.025079548358917236 
-0.008977534249424934 
0.08516549319028854 
0.00018633902072906494 
-0.0024175546132028103 
0.09844537079334259 
0.16638457775115967 
-0.004870648495852947 
0.09319030493497849 
0.07744287699460983 
0.29153648018836975 
-0.012832085601985455 
0.028394218534231186 
0.0196843221783638 
0.02277170866727829 
-0.008709183894097805 
-0.12913332879543304 
0.13927575945854187 
-0.08103787153959274 
-0.025336425751447678 
-0.037341922521591187 
0.0112055204808712 
-0.05718110129237175 
0.05309208482503891 
0.006314963102340698 
-0.005105108022689819 
0.028062982484698296 
0.09240595996379852 
0.17243188619613647 
-0.005122870206832886 
0.06969288736581802 
0.037410639226436615 
0.5401789546012878 
-0.09108266234397888 
0.1137194037437439 
0.019554048776626587 
-0.06961437314748764 
0.2687678933143616 
0.0009334931964986026 
0.012813436798751354 
0.03166278451681137 
-0.0009077886934392154 
0.052694424986839294 
0.4081413149833679 
0.039165060967206955 
-0.016710303723812103 
0.11034266650676727 
0.012890326790511608 
-0.01876164972782135 
-0.05976041406393051 
0.024009525775909424 
0.13971483707427979 
-0.034678809344768524 
-0.06278597563505173 
0.06971809267997742 
0.018366210162639618 
0.04272336885333061 
-0.026097578927874565 
0.019307631999254227 
0.03556071221828461 
0.008038192987442017 
0.12801507115364075 
0.31356844305992126 
0.08103486895561218 
-0.06879325211048126 
-0.09741195291280746 
0.012478021904826164 
-0.03316158056259155 
0.03643154725432396 
-0.11285270750522614 
-0.036454569548368454 
0.31451937556266785 
0.018847746774554253 
0.0601433664560318 
0.08583944290876389 
0.016385089606046677 
0.036984290927648544 
0.0916815996170044 
-0.07249356806278229 
0.23100417852401733 
0.008723828010261059 
-0.0018195109441876411 
0.024206465110182762 
-0.01965821348130703 
0.04898917302489281 
0.14770178496837616 
0.05302748084068298 
0.0015118939336389303 
0.07646048069000244 
0.030041705816984177 
0.011185924522578716 
0.14829091727733612 
-0.0960732251405716 
-0.0018012765794992447 
0.012990741059184074 
0.05069484934210777 
0.18139980733394623 
0.023817595094442368 
0.011209416203200817 
0.05039377510547638 
-0.18239903450012207 
-0.026752358302474022 
0.20173582434654236 
0.150852769613266 
0.12192115187644958 
0.026584424078464508 
0.11468928307294846 
0.13223502039909363 
-0.06910617649555206 
-0.05534776672720909 
-0.0032914779148995876 
0.0190277062356472 
0.02440783381462097 
-0.0001904815435409546 
0.03737954795360565 
0.10812254250049591 
0.05510620400309563 
0.0161130428314209 
-0.03125 
0.08366920053958893 
-0.11124195158481598 
0.07303287088871002 
0.004128140863031149 
0.012614471837878227 
0.045795463025569916 
0.0008562831208109856 
-0.011852575466036797 
0.15851470828056335 
0.13553017377853394 
0.03814926743507385 
0.0599285364151001 
0.025897985324263573 
0.008357413113117218 
-0.04884845018386841 
-0.00041185569716617465 
0.049385812133550644 
0.05509153753519058 
-0.10680323094129562 
0.07347364723682404 
0.08158078789710999 
0.11416199058294296 
-0.053048353642225266 
0.05112603306770325 
0.083851158618927 
0.13354769349098206 
-0.045953284949064255 
0.19921617209911346 
-0.00797896645963192 
0.009253851138055325 
0.12043461203575134 
-0.010920829139649868 
0.07016923278570175 
-0.00041769942617975175 
0.024304598569869995 
0.08240459859371185 
-0.05995295196771622 
0.015122855082154274 
-0.010952680371701717 
0.034729957580566406 
0.25199297070503235 
0.04959066957235336 
0.10416000336408615 
-0.04629185050725937 
-0.0463215634226799 
-0.1325652301311493 
0.1311108022928238 
-0.02962220273911953 
-0.07196123898029327 
-0.03921860456466675 
0.0371759757399559 
0.13903477787971497 
-0.0007511029834859073 
-0.020102331414818764 
0.29068446159362793 
-0.0012394953519105911 
-0.0061196982860565186 
0.11038893461227417 
0.06062440201640129 
0.17413757741451263 
-0.002393623348325491 
0.19221828877925873 
-0.04571007192134857 
0.018372096121311188 
0.04444655776023865 
0.12099471688270569 
-0.02742130123078823 
-0.018174191936850548 
-0.08744323253631592 
0.15726500749588013 
0.048306867480278015 
-0.027981264516711235 
0.12095355242490768 
-0.06081690639257431 
-0.02447444200515747 
0.33702242374420166 
-0.06106526777148247 
-0.07537287473678589 
0.03879934549331665 
-0.08529019355773926 
0.05327138304710388 
0.03328200429677963 
-0.07914617657661438 
0.013576740399003029 
-0.01798122003674507 
0.11650799214839935 
0.028699174523353577 
-0.007505674846470356 
0.005187999457120895 
-0.007962582632899284 
-0.05341074615716934 
0.04094655066728592 
0.021268483251333237 
0.08017239719629288 
0.016731521114706993 
0.00948207639157772 
-0.05873401090502739 
-0.0053686960600316525 
-8.881589019438252e-05 
0.08604082465171814 
0.0030101898591965437 
0.0007483338704332709 
0.0885927602648735 
0.028771530836820602 
0.047723930329084396 
0.033073894679546356 
0.03916838765144348 
0.04868374392390251 
0.024495624005794525 
0.1791398972272873 
-0.12492677569389343 
0.046763092279434204 
-0.053626954555511475 
-0.007139492314308882 
0.14089928567409515 
0.049346305429935455 
0.006688252091407776 
0.07438164949417114 
0.1431073546409607 
-0.022407760843634605 
0.0030746920965611935 
0.11310835182666779 
0.03512256592512131 
0.09840081632137299 
-0.18386176228523254 
-0.008149050176143646 
0.07836799323558807 
-0.07640133798122406 
-0.03591753914952278 
0.18694603443145752 
-0.06115484982728958 
-0.025922637432813644 
0.02385873720049858 
0.038223639130592346 
0.008539849892258644 
0.06530296802520752 
0.27165377140045166 
0.05656805261969566 
0.10111048072576523 
0.44905349612236023 
0.07110049575567245 
0.029701804742217064 
0.13270455598831177 
-0.023746974766254425 
-0.012686384841799736 
0.11018874496221542 
0.012179797515273094 
-0.011682594195008278 
0.06232539936900139 
-0.0545264407992363 
-0.061889760196208954 
-0.002276398241519928 
-0.00834355317056179 
-0.1021166443824768 
0.07887451350688934 
0.12790852785110474 
0.0345865897834301 
0.06415671110153198 
0.1328049898147583 
0.02076425403356552 
-0.029983747750520706 
-0.05464201793074608 
0.024523276835680008 
0.07854536175727844 
-0.017589977011084557 
-0.032068125903606415 
-0.0567651242017746 
-0.10433715581893921 
0.30162888765335083 
-0.0023932780604809523 
-0.07341890782117844 
0.11872553825378418 
-0.031373489648103714 
0.07732614129781723 
0.2211238145828247 
0.1391422152519226 
0.0503995344042778 
-0.07783351838588715 
-0.08742044866085052 
-0.07380052655935287 
0.003057484980672598 
0.06227533146739006 
0.05555883049964905 
-0.08950270712375641 
0.1695486307144165 
-0.05490764603018761 
-0.03509395942091942 
-0.32496368885040283 
-0.01670488715171814 
-0.21583208441734314 
0.041209589689970016 
-0.07179928570985794 
-0.1778014749288559 
0.07785362005233765 
0.03971341252326965 
-0.055050935596227646 
0.010249212384223938 
0.046623535454273224 
-0.012320270761847496 
-0.030506882816553116 
0.08332080394029617 
0.15895214676856995 
-0.10924546420574188 
0.2481837272644043 
-0.04840485379099846 
-0.0687093436717987 
0.013096495531499386 
-0.08777579665184021 
0.10001852363348007 
-0.04297764599323273 
0.002152060391381383 
0.04419075697660446 
-0.020315904170274734 
0.020349428057670593 
-0.032726746052503586 
-0.04686020314693451 
0.0578371062874794 
0.02292826771736145 
0.03414108231663704 
0.01404590718448162 
0.037790000438690186 
0.01709906756877899 
0.0586448535323143 
-0.02295403555035591 
0.12241426110267639 
-0.04033760726451874 
-0.004521348979324102 
-0.03933406248688698 
0.04433327540755272 
0.05715418979525566 
-0.020348263904452324 
0.04725804179906845 
0.08699300140142441 
0.11795332282781601 
-0.028450410813093185 
0.018239786848425865 
-0.17622333765029907 
-0.08139723539352417 
0.3394232988357544 
-0.04683072492480278 
0.09373383224010468 
0.09163173288106918 
0.14145514369010925 
-0.01501945685595274 
-0.08423062413930893 
-0.08270017057657242 
0.012317384593188763 
-0.06425467133522034 
0.12162449955940247 
-0.016824431717395782 
0.008178512565791607 
-0.049612924456596375 
0.10253354907035828 
-0.09843572974205017 
-0.06445494294166565 
0.12187307327985764 
0.04219518601894379 
0.010769620537757874 
-0.20188778638839722 
0.1387050300836563 
0.03670072555541992 
0.0025923470966517925 
-0.00807957910001278 
-0.00386715866625309 
-0.03889540955424309 
-0.007421304937452078 
0.13831277191638947 
0.3097497224807739 
0.16548562049865723 
-0.16572552919387817 
-0.10297005623579025 
0.08120688796043396 
0.16720440983772278 
0.06543009728193283 
0.07577744871377945 
-0.11257658898830414 
-0.05495626851916313 
-0.0001231941132573411 
0.15459999442100525 
0.16877037286758423 
-0.0003403251466806978 
-0.13602353632450104 
-0.1986011117696762 
0.15606391429901123 
0.040578000247478485 
0.12719887495040894 
-0.12338119745254517 
0.09588611125946045 
-0.010497087612748146 
-0.19177544116973877 
0.014310074970126152 
0.15589147806167603 
-0.08049502968788147 
-0.14719745516777039 
0.06661456823348999 
-0.09735938161611557 
-0.050570957362651825 
-0.17358893156051636 
-0.010025886818766594 
-0.07696539163589478 
-0.01074767392128706 
-0.03739118576049805 
0.04516879469156265 
0.06494373083114624 
0.06494278460741043 
0.3773278594017029 
-0.04966159164905548 
0.244268998503685 
0.12436661124229431 
-0.011605422012507915 
0.019436508417129517 
0.16973236203193665 
-0.038487087935209274 
0.048767250031232834 
0.005668832920491695 
0.04192223772406578 
-0.08679191768169403 
-0.029227903112769127 
0.44084155559539795 
0.01118679903447628 
-0.10618143528699875 
-0.03938261792063713 
0.07380577176809311 
-0.0650518536567688 
-0.09047149866819382 
-0.02924443781375885 
-0.17717328667640686 
0.18773137032985687 
-0.05999709293246269 
0.36677390336990356 
-0.05633215606212616 
0.03065674565732479 
-0.11503233015537262 
0.05877646803855896 
-0.2171577662229538 
-0.07888709008693695 
0.11999917030334473 
0.042616039514541626 
-0.061389438807964325 
-0.018434984609484673 
0.004423084668815136 
-0.05621378868818283 
-0.03394215926527977 
-0.07953310012817383 
0.04116024821996689 
0.04648756608366966 
-0.030775805935263634 
0.014616025611758232 
-0.17314428091049194 
-0.03730318695306778 
-0.07188569009304047 
0.012857392430305481 
0.17428497970104218 
-0.1757834255695343 
0.15539610385894775 
0.03781427815556526 
-0.00474083935841918 
0.14103689789772034 
0.060872308909893036 
-0.09232284873723984 
-0.11850734800100327 
0.1144450306892395 
0.21418654918670654 
-0.040965013206005096 
0.022034090012311935 
-0.1294402778148651 
-0.04695167765021324 
0.10391934216022491 
-0.03842165693640709 
0.02197015844285488 
0.021075408905744553 
0.12327252328395844 
-0.17483007907867432 
-0.11770999431610107 
0.05107204243540764 
-0.06699962168931961 
-0.11371921002864838 
0.11213649809360504 
-0.07627826929092407 
0.09742113202810287 
-0.07887887954711914 
0.44541236758232117 
0.11959423124790192 
0.04480336233973503 
0.1995011419057846 
0.2756595015525818 
0.013177750632166862 
0.026600494980812073 
-0.019435029476881027 
0.09391103684902191 
0.0008785029640421271 
0.13613900542259216 
0.08453607559204102 
0.09956488013267517 
-0.05209778994321823 
-0.026271142065525055 
0.028123341500759125 
0.1257666051387787 
0.007660893257707357 
-0.002384290099143982 
-0.08981345593929291 
0.7285780906677246 
0.11187860369682312 
0.27309489250183105 
-0.005701820366084576 
-0.06123622506856918 
-0.024159139022231102 
-0.11360979080200195 
0.08658777922391891 
-0.028505941852927208 
-0.006906367372721434 
0.15436962246894836 
-0.04465022683143616 
-0.034772321581840515 
0.12916141748428345 
0.20821723341941833 
-0.07072779536247253 
-0.07323130965232849 
0.09128385782241821 
-0.026224320754408836 
0.06711383163928986 
0.016253244131803513 
-0.03184012323617935 
-0.053404759615659714 
0.09747058153152466 
-0.07113456726074219 
0.05388668179512024 
-0.057353001087903976 
-0.13226164877414703 
-0.12015227973461151 
0.0079583078622818 
-0.14249363541603088 
0.08561708778142929 
-0.12300996482372284 
0.04715115576982498 
0.17532309889793396 
-0.007563509047031403 
-0.018433690071105957 
0.047925323247909546 
0.05516301840543747 
-0.06417207419872284 
0.26813942193984985 
-0.029632695019245148 
0.06642985343933105 
-0.10356748104095459 
-0.1729535460472107 
0.12054714560508728 
0.0900968611240387 
-0.29770627617836 
-0.05311572179198265 
0.07139230519533157 
0.14179500937461853 
-0.05241387337446213 
0.14136676490306854 
0.14552472531795502 
0.045026153326034546 
-0.05128464102745056 
-0.06655234843492508 
-0.07773374766111374 
0.01701498031616211 
-0.036073409020900726 
-0.06244724243879318 
0.012546590529382229 
0.012561758980154991 
0.04660835117101669 
-0.048486992716789246 
-0.10762348771095276 
0.01751927100121975 
0.041451480239629745 
0.00835160817950964 
-0.04535555839538574 
0.04389260336756706 
-0.04274482652544975 
0.08148515969514847 
-0.017233669757843018 
0.23740267753601074 
-0.029873739928007126 
-0.08131014555692673 
0.136712446808815 
-0.06966103613376617 
-0.005151784047484398 
0.006250431295484304 
0.021952910348773003 
-0.008661056868731976 
0.2153949737548828 
-0.15388396382331848 
0.02508470043540001 
0.013322087936103344 
-0.024835236370563507 
0.26792705059051514 
-0.019405892118811607 
-0.008225399069488049 
0.33097201585769653 
-0.028505926951766014 
0.15365132689476013 
0.16360962390899658 
0.08732415735721588 
-0.22874128818511963 
-0.1204867959022522 
-0.12037014961242676 
0.10770740360021591 
0.10756529867649078 
0.01200032513588667 
0.16221021115779877 
0.007304541766643524 
0.01566944271326065 
-0.09727171063423157 
-0.03387286514043808 
0.17724846303462982 
-0.07108330726623535 
-0.12960760295391083 
0.06954699009656906 
-0.1738346517086029 
-0.017685433849692345 
0.09685617685317993 
-0.0683479979634285 
-0.1062355637550354 
-0.014264355413615704 
-0.003561074612662196 
0.07358439266681671 
0.07025188207626343 
-0.06919242441654205 
-0.02856702171266079 
0.03374425321817398 
-0.049363862723112106 
0.10099949687719345 
-0.17834453284740448 
0.056598689407110214 
0.0842849612236023 
-0.14495158195495605 
-0.13177549839019775 
-0.16369861364364624 
-0.1445106565952301 
-0.025607695803046227 
0.05721469968557358 
0.12312491983175278 
0.18460385501384735 
0.239639014005661 
-0.11688360571861267 
0.06179961562156677 
0.09519373625516891 
-0.23938265442848206 
0.010630838572978973 
