492.0506938648224 
31488.888657226562 
137315.1960546875 
591019.214296875 
2102118.3725 
3385804.7809375 
9027608.36 
18720789.195 
30396010.62 
52203456.345 
83558054.8 
124340823.08 
142541408.86 
232145916.94 
400155909.6 
664494065.92 
651030318.24 
984290845.92 
1482232693.44 
1841424298.56 
3054131368.96 
3004025166.08 
3513380203.52 
7176458461.44 
8141777108.48 
9635394496.0 
12059938147.84 
10549732579.84 
17367705126.4 
19595396160.0 
41866767564.8 
15524964638.72 
41932633185.28 
50254036500.48 
52541834956.8 
59595534146.56 
61170766812.16 
86889047388.16 
84687727370.24 
145774624768.0 
168507125350.4 
190983263313.92 
113455720350.72 
314467089244.16 
226171119329.28 
284109250723.84 
370542966108.16 
246094833633.28 
449056597893.12 
726184613478.4 
121452487951.36 
662644003962.88 
842830419558.4 
285282971576.32 
545003236239.36 
861998794588.16 
1538002517032.96 
1257361654743.04 
907419581808.64 
971289663938.56 
1053508226314.24 
2079663433728.0 
731956672512.0 
2820631290511.36 
3438776292474.88 
2109360478289.92 
2452517667799.04 
653624452814.08 
2688388669767.68 
3026671686778.88 
1678929864622.08 
3390636111134.72 
1076908604866.56 
4828334287093.76 
1042946085007.36 
985786929909.76 
5041946763591.68 
2802252117278.72 
5492736385351.68 
496758392832.0 
1785484743024.64 
5618887737344.0 
1991052358205.44 
6237866992599.04 
4906975853936.64 
7223115787141.12 
8720091400110.08 
9032056901468.16 
5072792786042.88 
1875234066677.76 
12499570771886.08 
3983057200250.88 
2915373792010.24 
5416147940311.04 
22779013960826.88 
26785350604554.24 
3816825874350.08 
3443346243706.88 
7669761700659.2 
5912493305610.24 
8712257116897.28 
14754261296742.4 
4986842244218.88 
4060051681280.0 
17028402591825.92 
12781231467397.12 
1778579161743.36 
17692925233070.08 
16203310269726.72 
12730674762219.52 
9250617052692.48 
24122155838996.48 
39678232986910.72 
16614864035471.36 
32077970542284.8 
29771489376993.28 
5635184443944.96 
17579462796247.04 
4518207301099.52 
42248359095828.48 
35705190786007.04 
46279778998681.6 
35517896500183.04 
13899879496417.28 
12531216000778.24 
76775784835973.12 
6941410472816.64 
9564117896396.8 
18760791035740.16 
7881369186467.84 
38867367126630.4 
23190611370967.04 
4240715757813.76 
3938147440271.36 
32396254165073.92 
26691078142689.28 
30488260585717.76 
29934301290168.32 
17389123415572.48 
29826730109173.76 
101260566724608.0 
150338433093468.16 
7915055065497.6 
185610280776908.8 
85776096810762.23 
102625256354611.2 
39188771509370.88 
20878792421539.84 
85682583817420.8 
148760266266378.25 
36318822321356.8 
21997406084136.96 
65745626503577.6 
307330980060856.3 
33231376752312.32 
44698547446087.68 
38329479274168.32 
111352541130260.48 
50722145627013.12 
154655143477903.38 
67389695682805.76 
93310526048174.08 
71509588469350.4 
184794127851847.7 
188666869212774.4 
61621293856849.92 
101080593093099.52 
76422000392273.92 
264521599617597.44 
55684856989614.08 
312705941797601.25 
321528419602923.5 
54843044681482.24 
174942302291886.1 
500523970016051.2 
521743761706844.2 
228848912857825.28 
463262270221189.1 
35509075127828.48 
589405246269685.8 
98992368805478.4 
146348918656204.8 
259376458309304.3 
64394554229391.36 
472390353844961.25 
1092211195961671.6 
50317615684321.28 
37834545605509.12 
102050249603809.28 
1011272798343004.1 
188369541477171.2 
786248973733068.8 
371020109056573.44 
568828709495111.6 
600108801416233.0 
500499602588303.4 
3310946898935808.0 
581104642063073.2 
4794785042289132.0 
1203172057567723.5 
102228539057111.05 
501520923581480.94 
4945263233859584.0 
1251606805620981.8 
165370443603640.3 
124078673997332.48 
1259064329911664.8 
248144721011015.7 
601107204742840.4 
701740135095992.4 
253819743674040.3 
2984427770190233.5 
1340284985357107.2 
3358291944433254.5 
357585087024332.8 
1048484923205222.4 
1.3835758018347664e+16 
1912299454254284.8 
101619420754083.84 
19438360343347.2 
1825994003196149.8 
1277414686169497.5 
8769578540225004.0 
1077669798713753.6 
192379816058552.3 
229019076391075.84 
8124370850540421.0 
3610321066435543.0 
2528560785286758.5 
2283701005063291.0 
4362596858682409.0 
2023084131855892.5 
4384904344701501.5 
4199517162139812.0 
260716204895764.47 
1.2152784940496322e+16 
622946023401062.4 
381129980908666.9 
1187030760832368.8 
1.7628200801560166e+16 
1008833596846243.9 
1.9334366567365344e+16 
845917044384727.0 
1312405144175902.8 
946465242475397.1 
200525700252303.38 
104801598240194.56 
2511431529188557.0 
976066492120432.6 
5.107832487808074e+16 
1732730406819594.2 
4042824363571937.5 
761909991975157.8 
246751846717194.25 
133694151243857.92 
178747013416878.1 
750174553925222.4 
322078363887861.75 
988357503048745.0 
998475634762055.6 
5001188035484713.0 
2090006493444178.0 
1.303602150298878e+16 
2286203238214533.0 
2.1210855056227696e+16 
541463382159523.8 
94891142975324.16 
4564491882012344.0 
399818217142353.94 
552369165219921.94 
4496040302933442.5 
1229769626552893.5 
2838356760199168.0 
747732740394188.8 
3341101595675853.0 
2042828890329579.5 
218922660816486.4 
416548429920993.25 
504216306917048.3 
507041351540408.3 
408169719498014.75 
3523757197639024.5 
335208365277839.4 
89685478793543.69 
616909109010104.4 
286529900411617.25 
100942461348085.77 
1631353541183406.0 
888639352031150.1 
4470594107961508.0 
5643012894170808.0 
586995631076147.2 
4120485799715143.5 
3556654159149138.0 
657803174026936.4 
3574665543984087.0 
419930521059983.4 
4950117446687130.0 
7027814824977367.0 
2114721088935035.0 
1.6338992762565612 
