0.2059000028669834 
0.19943333581089973 
0.1991000021994114 
0.19770000338554383 
0.20013333544135092 
0.20130000293254852 
0.20090000241994857 
0.2000333361327648 
0.1990666700899601 
0.19860000133514405 
0.19970000326633452 
0.20036666929721833 
0.20090000271797182 
0.19996666893363 
0.2008333359658718 
0.20233333542943 
0.20090000286698342 
0.20020000264048576 
0.20153333649039268 
0.19963333636522293 
0.19680000245571136 
0.20136667013168336 
0.20186666905879974 
0.20150000289082526 
0.19873333685100078 
0.19980000227689743 
0.2003000032901764 
0.19963333666324615 
0.20003333672881127 
0.20053333520889283 
0.19990000277757644 
0.19890000253915788 
0.19813333585858345 
0.19983333528041838 
0.20070000261068344 
0.20170000299811364 
0.20050000250339509 
0.19866666927933693 
0.20000000163912773 
0.20010000199079514 
0.20003333538770676 
0.20040000155568122 
0.1993666684627533 
0.2003000012040138 
0.199800001680851 
0.19790000230073929 
0.20126666903495788 
0.1997000026702881 
0.1995333354175091 
0.20240000262856483 
0.20026666924357414 
0.20033333644270898 
0.19990000292658805 
0.20043333649635314 
0.20003333628177644 
0.19976666927337647 
0.20083333492279054 
0.2000333349406719 
0.1992333361506462 
0.19843333542346955 
0.19976666882634164 
0.1998666690289974 
0.20026666909456253 
0.20053333580493926 
0.19906666919589042 
0.2000666692852974 
0.19990000277757644 
0.19983333617448806 
0.20070000275969505 
0.20016666874289513 
0.1996666693687439 
0.19980000242590903 
0.20166666939854622 
0.20006666958332062 
0.20106666922569275 
0.2031666688621044 
0.20023333579301833 
0.20020000278949737 
0.19896666944026947 
0.19986666947603227 
0.19760000288486482 
0.1996333360671997 
0.2000333358347416 
0.20010000288486482 
0.2002333365380764 
0.2001666694879532 
0.20006666958332062 
0.20030000284314156 
0.19943333610892297 
0.19956666961312294 
0.20003333643078805 
0.200066669434309 
0.19983333632349967 
0.20110000237822534 
0.20003333643078805 
0.19993333637714386 
0.19946666941046715 
0.19973333522677422 
0.20003333643078805 
0.20000000298023224 
0.20000000298023224 
0.20000000298023224 
0.20010000288486482 
0.20000000298023224 
0.20000000298023224 
0.20000000298023224 
0.20000000298023224 
0.20000000298023224 
0.20000000298023224 
0.19996666952967643 
0.20000000298023224 
0.20000000298023224 
0.20000000298023224 
0.20000000283122063 
0.20000000298023224 
0.20000000298023224 
0.20033333599567413 
0.19996666952967643 
0.20026666954159736 
0.200133336186409 
0.20006666958332062 
0.20006666958332062 
0.20063333630561828 
0.19923333644866945 
0.19983333617448806 
0.19996666952967643 
0.19976666942238808 
0.20000000298023224 
0.19990000277757644 
0.20030000284314156 
0.20000000298023224 
0.19986666917800902 
0.2000000037252903 
0.20036666944622994 
0.1997333362698555 
0.19976666957139969 
0.19970000237226487 
0.20036666959524155 
0.19903333604335785 
0.19980000272393228 
0.20000000298023224 
0.20000000298023224 
0.20000000298023224 
0.20006666958332062 
0.20036666944622994 
0.19986666962504387 
0.20023333609104157 
0.2001666696369648 
0.20026666969060897 
0.20000000298023224 
0.19976666957139969 
0.20000000298023224 
0.20010000288486482 
0.20000000298023224 
0.20003333643078805 
0.20000000298023224 
0.20000000298023224 
0.20046666964888574 
0.2000333361327648 
0.20000000298023224 
0.20003333628177644 
0.20000000298023224 
0.19996666967868804 
0.19983333617448806 
0.20000000298023224 
0.19996666967868804 
0.19976666957139969 
0.20000000298023224 
0.20000000298023224 
0.20000000298023224 
0.20000000298023224 
0.20000000298023224 
0.19983333632349967 
0.20003333643078805 
0.19943333581089973 
0.20010000288486482 
0.20000000298023224 
0.20000000298023224 
0.20213333636522293 
0.19996666982769967 
0.19936666935682296 
0.20000000298023224 
0.19990000277757644 
0.20030000180006027 
0.20000000298023224 
0.20000000298023224 
0.20016666993498802 
0.20010000273585318 
0.20003333628177644 
0.20000000298023224 
0.19950000286102296 
0.20000000298023224 
0.1998000030219555 
0.20000000298023224 
0.20000000298023224 
0.19996666952967643 
0.20000000298023224 
0.20000000298023224 
0.20000000298023224 
0.20000000298023224 
0.19943333700299262 
0.20000000298023224 
0.20000000298023224 
0.20000000298023224 
0.1998000030219555 
0.20063333570957184 
0.19996666952967643 
0.20036666974425316 
0.20000000298023224 
0.20000000298023224 
0.19990000277757644 
0.20000000298023224 
0.20000000298023224 
0.20000000298023224 
0.20000000298023224 
0.20000000298023224 
0.20000000298023224 
0.20000000298023224 
0.20003333628177644 
0.20053333580493926 
0.20000000298023224 
0.20000000298023224 
0.20000000298023224 
0.20000000298023224 
0.20023333624005318 
0.20000000298023224 
0.20000000298023224 
0.20000000298023224 
0.20000000298023224 
0.20000000298023224 
0.20000000298023224 
0.20000000298023224 
0.20000000298023224 
0.20000000283122063 
0.20000000298023224 
0.20000000298023224 
0.20036666959524155 
0.20000000298023224 
0.19986666932702066 
0.19993333622813225 
0.20000000298023224 
0.20000000298023224 
0.20000000298023224 
0.20000000298023224 
0.20000000298023224 
0.19993333622813225 
0.19906666964292527 
0.20000000298023224 
0.20000000298023224 
0.20000000298023224 
0.20006666973233223 
0.20000000298023224 
0.20000000298023224 
0.20000000298023224 
0.19996666952967643 
0.19993333622813225 
0.20000000298023224 
0.20000000298023224 
0.20000000298023224 
0.20000000298023224 
0.20000000298023224 
0.20000000298023224 
0.20000000298023224 
0.20000000298023224 
0.20003333643078805 
0.19996666967868804 
0.19946666970849036 
0.20000000298023224 
0.1997000029683113 
0.20003333628177644 
0.20000000298023224 
0.20040000274777411 
0.20000000298023224 
0.20023333624005318 
0.20000000298023224 
0.20000000298023224 
0.19990000292658805 
0.20000000298023224 
0.20130000188946723 
0.20000000298023224 
0.20000000298023224 
0.20000000298023224 
0.19996666967868804 
0.20000000298023224 
0.20000000298023224 
0.20000000298023224 
0.200066669434309 
0.20000000298023224 
0.20000000298023224 
0.20000000298023224 
0.20000000298023224 
0.20003333643078805 
0.20000000298023224 
0.20000000298023224 
0.20000000298023224 
0.20000000298023224 
0.20000000298023224 
0.20000000298023224 
0.20000000298023224 
0.20000000298023224 
0.22890000477433203 
