1.1660373622179032 
1.261066962480545 
1.2569704473018646 
1.2587345266342163 
1.253770045042038 
1.2503155601024627 
1.2522856497764587 
1.251959044933319 
1.2534661185741425 
1.254386034011841 
1.252438507080078 
1.250962941646576 
1.2504863452911377 
1.252308555841446 
1.2498675549030305 
1.2473616516590118 
1.2500838971138 
1.2514947831630707 
1.2485695815086364 
1.2516100120544433 
1.2571602189540863 
1.2493017387390137 
1.2487821507453918 
1.2492737185955047 
1.2537961530685424 
1.2518763053417206 
1.2508456587791443 
1.2525079989433288 
1.2517543971538543 
1.2494413828849793 
1.251065295934677 
1.2532520949840547 
1.254609122276306 
1.2516860234737397 
1.2507190418243408 
1.2479379522800444 
1.2517947721481324 
1.2543421840667726 
1.2516936326026917 
1.2511042356491089 
1.2518774521350862 
1.25075643658638 
1.2538411962985991 
1.2509457957744599 
1.2519726002216338 
1.25496497631073 
1.2494803607463836 
1.2520757484436036 
1.2520810711383819 
1.2468710708618165 
1.2513185632228851 
1.2508364343643188 
1.251455705165863 
1.2510968470573425 
1.2512544059753419 
1.251525193452835 
1.2498997747898102 
1.251277252435684 
1.2533160138130188 
1.25422656416893 
1.25145348072052 
1.2515259397029876 
1.2508390045166016 
1.2503224050998687 
1.2545532083511353 
1.25089857339859 
1.2521265900135041 
1.2516472291946412 
1.2500788712501525 
1.2511556565761566 
1.2516498029232026 
1.2519966101646423 
1.2489941942691802 
1.2511372673511505 
1.2492961502075195 
1.246452350616455 
1.2511135566234588 
1.2505735456943512 
1.2529290974140168 
1.251479732990265 
1.2554842925071716 
1.251758142709732 
1.2514262068271638 
1.2509135282039643 
1.2509749031066895 
1.2508837592601776 
1.2511030900478364 
1.250644782781601 
1.2529705488681793 
1.2520260679721833 
1.2512026810646057 
1.2515457344055176 
1.2512627267837524 
1.2491354167461395 
1.250870656967163 
1.2511940538883208 
1.252118992805481 
1.2515357208251954 
1.251093556880951 
1.2511817383766175 
1.2513458156585693 
1.2512387812137604 
1.2513228571414947 
1.2513557279109955 
1.2512608921527864 
1.2511774790287018 
1.2511306643486022 
1.2510906493663787 
1.251129367351532 
1.251300939321518 
1.250983041524887 
1.2510640668869017 
1.251110064983368 
1.251148635149002 
1.2511032831668853 
1.251090725660324 
1.2505873620510102 
1.2511028552055359 
1.2508584439754487 
1.2508151483535768 
1.2510198283195495 
1.2508054292201995 
1.2499973356723786 
1.2520862662792205 
1.2518281972408294 
1.2511158549785615 
1.2513112604618073 
1.251219127178192 
1.2512677347660064 
1.250418086051941 
1.251046257019043 
1.2513040316104889 
1.2512018394470215 
1.2500229859352112 
1.2516634249687195 
1.2513929045200347 
1.2516776192188264 
1.2503826630115509 
1.2528371036052703 
1.25107803940773 
1.2510903084278107 
1.2511670327186584 
1.2510241878032684 
1.2510504865646361 
1.2503498256206513 
1.2513437926769257 
1.2507050144672394 
1.250884474515915 
1.2506091177463532 
1.2511156284809113 
1.2514671111106872 
1.2511224246025086 
1.2508909440040588 
1.2510832345485687 
1.2507885003089905 
1.2510440301895143 
1.2511315381526946 
1.2502391970157622 
1.2511672806739806 
1.2510698103904725 
1.2510090446472169 
1.2511783361434936 
1.2512116885185243 
1.2514268684387206 
1.251090432405472 
1.2512891757488251 
1.2516396069526672 
1.2509785783290863 
1.251084554195404 
1.2510532450675964 
1.2510941314697266 
1.2510880863666534 
1.2514161109924316 
1.2510150241851807 
1.2522067189216615 
1.2509305632114411 
1.2510777151584624 
1.2510887265205384 
1.247283663749695 
1.2511418461799622 
1.2523516428470611 
1.2510634112358092 
1.2512265598773957 
1.2505633509159089 
1.2511053109169006 
1.2510849142074585 
1.2507012724876403 
1.2508342170715332 
1.2509924232959748 
1.2510715627670288 
1.2519136035442353 
1.2510841977596283 
1.251458741426468 
1.2510929799079895 
1.251096488237381 
1.251160718202591 
1.251087381839752 
1.251084064245224 
1.2510783684253692 
1.2510752248764039 
1.2521009290218352 
1.2510900807380676 
1.2510661423206328 
1.251082843542099 
1.251409968137741 
1.2499600982666015 
1.2511462199687957 
1.2504282486438751 
1.2510880172252654 
1.2510112071037292 
1.251510568857193 
1.2510838317871094 
1.2510854876041413 
1.2510870003700256 
1.2510863184928893 
1.2510726797580718 
1.2510833644866943 
1.251087840795517 
1.2510096967220306 
1.2502020275592804 
1.2510816180706024 
1.2510817742347717 
1.2510834896564484 
1.2510860455036164 
1.2506686282157897 
1.2510640370845794 
1.2510919606685638 
1.2510851109027863 
1.2510901117324829 
1.2510905742645264 
1.2510870802402496 
1.2510828137397767 
1.2510846412181855 
1.2510895824432373 
1.2510903477668762 
1.2510863661766052 
1.2504196345806122 
1.251087908744812 
1.2513239777088165 
1.2512028014659882 
1.251086848974228 
1.251086757183075 
1.251086243391037 
1.2510860466957092 
1.2510863971710204 
1.2512055051326751 
1.2527700352668762 
1.2510842669010163 
1.251086664199829 
1.251086552143097 
1.2509607863426209 
1.2510857570171356 
1.2510857963562012 
1.251089483499527 
1.2511424767971038 
1.2512042760848998 
1.2510867059230804 
1.2510978317260741 
1.251088823080063 
1.2510701525211334 
1.2510854089260102 
1.25108571767807 
1.2510861766338348 
1.2510861814022065 
1.251026188135147 
1.2511465561389923 
1.252042362689972 
1.2510905694961547 
1.2516238141059874 
1.2509715127944947 
1.2510515809059144 
1.2503976237773895 
1.2510852742195129 
1.2506679892539978 
1.2510909998416901 
1.2510856235027312 
1.2512652099132537 
1.251089209318161 
1.2487160968780517 
1.2510867047309875 
1.2510968697071077 
1.2510860395431518 
1.251145257949829 
1.2510861825942994 
1.2510859501361846 
1.2510809230804443 
1.2509817969799042 
1.2510861361026764 
1.2510768115520476 
1.2510867035388946 
1.2510860335826874 
1.2510250389575959 
1.2510779619216919 
1.2510835087299348 
1.2510807013511658 
1.2510866296291352 
1.2510851800441742 
1.2510878038406372 
1.2510858583450317 
1.2510862743854523 
0.9097466659545899 
