0.19910000264644623 
0.1995666690915823 
0.19880000233650208 
0.19993333533406257 
0.19983333587646485 
0.19993333622813225 
0.2001333363354206 
0.19976666867733 
0.20346666842699052 
0.20063333600759506 
0.20156666830182077 
0.2000333361327648 
0.20023333609104157 
0.19963333621621132 
0.19903333514928817 
0.20313333556056024 
0.20210000321269037 
0.19840000107884406 
0.20200000256299971 
0.19946666955947875 
0.19906667053699492 
0.201900003105402 
0.19886666983366014 
0.2019333353638649 
0.20000000149011612 
0.1972666685283184 
0.19920000225305556 
0.19946666896343232 
0.1995333354175091 
0.19906666859984398 
0.20090000331401825 
0.20036666974425316 
0.1982000021636486 
0.2012333357334137 
0.19876666858792305 
0.20003333523869515 
0.2008666679263115 
0.19746666952967643 
0.20163333684206008 
0.19930000171065332 
0.19946666806936264 
0.19946666941046715 
0.19976666897535325 
0.1986000020802021 
0.1975666691362858 
0.20090000197291374 
0.19853333622217179 
0.1994333355128765 
0.1999666692316532 
0.2013666681945324 
0.19980000212788582 
0.19953333482146263 
0.199666668176651 
0.1998000019788742 
0.1990000019967556 
0.1985666698217392 
0.2000666682422161 
0.19933333605527878 
0.19880000203847886 
0.20013333529233931 
0.20033333525061608 
0.19780000314116478 
0.19716666966676713 
0.20053333550691604 
0.20060000211000442 
0.1991666689515114 
0.20076666951179503 
0.19846667006611823 
0.2012000024318695 
0.19930000245571136 
0.20253333568572998 
0.1981666688621044 
0.19696666970849036 
0.19880000203847886 
0.2034333373606205 
0.19876666933298112 
0.1994000020623207 
0.19933333709836007 
0.20043333619832993 
0.200700002014637 
0.19893333733081817 
0.2002666698396206 
0.1994333355128765 
0.19963333547115325 
0.200566668510437 
0.20140000358223914 
0.19976666912436486 
0.20030000284314156 
0.19800000324845313 
0.19920000180602074 
0.20073333635926247 
0.2018333353102207 
0.20143333643674852 
0.19716666966676713 
0.20026666954159736 
0.19983333632349967 
0.19856666952371596 
0.19796666920185088 
0.1985666696727276 
0.20173333555459977 
0.19810000255703927 
0.20080000251531602 
0.1988000024855137 
0.1990000019967556 
0.20360000237822531 
0.19770000204443933 
0.19940000295639038 
0.2001666696369648 
0.19863333582878112 
0.200933336019516 
0.20273333594202994 
0.1996666695177555 
0.19983333647251128 
0.20356666877865792 
0.1991333357989788 
0.19956666916608812 
0.19813333451747894 
0.19830000281333923 
0.19946666926145554 
0.19976666942238808 
0.19953333646059035 
0.2007000032067299 
0.2008666694164276 
0.20090000197291374 
0.19716666921973228 
0.20026666954159736 
0.19663333594799043 
0.20196667000651358 
0.19976666882634164 
0.20250000327825546 
0.20090000301599503 
0.20126666948199273 
0.203700003772974 
0.2022666685283184 
0.20103333577513693 
0.1993666698038578 
0.1996333357691765 
0.20023333624005318 
0.19986666977405548 
0.19986666947603227 
0.19910000309348105 
0.1998000030219555 
0.20116666942834854 
0.19963333636522293 
0.19880000308156012 
0.19973333641886712 
0.19990000247955322 
0.2002666698396206 
0.20016666978597641 
0.19986666947603227 
0.19910000264644623 
0.198533336520195 
0.20000000223517417 
0.20000000298023224 
0.199166669100523 
0.19980000361800193 
0.19823333621025085 
0.20253333657979966 
0.20066667035222052 
0.19986666947603227 
0.19973333641886712 
0.19930000305175782 
0.20160000249743462 
0.1976333364844322 
0.2006000030040741 
0.20003333628177644 
0.2001666696369648 
0.20063333690166474 
0.1997000029683113 
0.20070000350475312 
0.20026666954159736 
0.2005666695535183 
0.19886666938662528 
0.2000333359837532 
0.2003333368897438 
0.200066669434309 
0.20033333614468574 
0.19990000292658805 
0.20020000502467156 
0.20100000292062759 
0.20163333639502526 
0.20083333626389505 
0.20136666938662529 
0.19873333781957625 
0.20000000298023224 
0.20000000298023224 
0.20080000445246696 
0.19910000324249266 
0.19803333550691604 
0.1997000029683113 
0.19856666952371596 
0.20006666958332062 
0.20050000250339509 
0.19996666967868804 
0.20010000258684157 
0.20026666924357414 
0.20030000284314156 
0.19993333622813225 
0.20000000298023224 
0.20000000298023224 
0.20073333635926247 
0.20033333629369734 
0.20000000298023224 
0.20000000298023224 
0.198966668844223 
0.19860000282526016 
0.20003333628177644 
0.19953333631157874 
0.20000000298023224 
0.20033333599567413 
0.19750000327825545 
0.20000000298023224 
0.20013333588838578 
0.20000000298023224 
0.1994000032544136 
0.19993333637714386 
0.1998000031709671 
0.19966666966676713 
0.19923333689570427 
0.198733336776495 
0.19996666938066482 
0.19983333632349967 
0.20000000298023224 
0.20000000298023224 
0.19990000277757644 
0.20260000348091126 
0.20003333628177644 
0.20000000298023224 
0.20000000298023224 
0.20000000298023224 
0.20000000298023224 
0.19953333616256713 
0.20010000288486482 
0.19960000306367875 
0.19933333590626717 
0.20000000298023224 
0.20003333643078805 
0.19823333561420442 
0.20313333585858345 
0.2001666696369648 
0.20000000298023224 
0.20000000298023224 
0.19976666942238808 
0.19950000286102296 
0.20000000298023224 
0.2014000029861927 
0.19746666952967643 
0.19990000307559966 
0.20000000298023224 
0.20000000298023224 
0.20000000298023224 
0.20000000298023224 
0.20000000298023224 
0.19856666922569274 
0.20000000283122063 
0.19993333622813225 
0.20076666966080667 
0.20003333643078805 
0.19986666962504387 
0.20033333629369734 
0.20000000298023224 
0.20000000298023224 
0.20000000298023224 
0.19976666957139969 
0.20010000303387643 
0.20000000298023224 
0.19996666990220546 
0.20000000298023224 
0.19996666967868804 
0.20170000165700913 
0.2001333363354206 
0.19910000249743462 
0.19993333622813225 
0.2013000027835369 
0.20000000298023224 
0.20000000298023224 
0.20003333628177644 
0.20083333641290665 
0.2005666697025299 
0.20000000298023224 
0.20006666868925094 
0.20000000298023224 
0.19990000292658805 
0.20000000298023224 
0.20000000298023224 
0.19950000271201135 
0.1997000028192997 
0.20000000298023224 
0.19930000275373458 
0.20000000298023224 
0.20000000298023224 
0.20000000298023224 
0.20000000298023224 
0.20000000298023224 
0.20000000298023224 
0.20000000298023224 
0.20083333626389505 
0.19976666957139969 
0.20000000298023224 
0.20000000298023224 
0.20950000301003457 
