496.1173821043968 
31444.343450927736 
137258.1678125 
590380.343359375 
2099504.561875 
3386262.254375 
9030011.655 
18734020.29 
30401742.47 
52189071.94 
83650763.58 
124420343.56 
142535873.41 
232329597.04 
400339412.32 
664547308.96 
650849532.64 
984381393.44 
1482379586.56 
1841230465.6 
3054122291.84 
3003198234.88 
3514868925.44 
7174890072.32 
8141941125.12 
9647228605.44 
12059833287.68 
10551560721.28 
17366526397.44 
19599910840.32 
41866686919.68 
15524258035.2 
41938209843.2 
50255644723.2 
52507939450.88 
59562658155.52 
61182866836.48 
86888402186.24 
84613414000.64 
145751949516.8 
168601819258.88 
190878654218.24 
113427287708.16 
314532183777.28 
226023178117.12 
284017385738.24 
370606812200.96 
246097865861.12 
449175063715.84 
726458968965.12 
121271145681.92 
662443280998.4 
843141923143.68 
285597584875.52 
544705949644.8 
861990248611.84 
1537074776637.44 
1256759820943.36 
907247017164.8 
971166151720.96 
1052697336258.56 
2081103507947.52 
732547966976.0 
2819572562493.44 
3436516823531.52 
2110928189194.24 
2453181275013.12 
651663804349.44 
2688092609576.96 
3027094946447.36 
1680453783224.32 
3394432033423.36 
1075729465589.76 
4828128854016.0 
1041971652587.52 
984710985502.72 
5042991567994.88 
2802233804881.92 
5493812945223.68 
496807167692.8 
1783244434145.28 
5618117003509.76 
1991337843998.72 
6237157408112.64 
4907125984460.8 
7224352596295.68 
8721382556303.36 
9028949277409.28 
5078601859072.0 
1874219546624.0 
12498010376110.08 
3979618299740.16 
2915078491627.52 
5415382546513.92 
22779093256765.44 
26788571788083.2 
3817165682606.08 
3441874355671.04 
7670514803343.36 
5913933427343.36 
8714712537497.6 
14754055480279.04 
4986344797634.56 
4057692799139.84 
17019586067824.64 
12782996986265.6 
1777402094305.28 
17696741240340.48 
16200440374886.4 
12731235728097.28 
9249026055208.96 
24125547893227.52 
39669896886353.92 
16592365911726.08 
32094868310159.36 
29776257854996.48 
5637466301777.92 
17582370376908.8 
4519482987233.28 
42253835236802.56 
35701522573557.76 
46275569270128.64 
35519241361817.6 
13900152723865.6 
12531672275681.28 
76766785243709.44 
6939920091361.28 
9566185494118.4 
18759528351006.72 
7880891130183.68 
38868914719948.8 
23194149541642.24 
4242352981934.08 
3939392438190.08 
32390271194890.24 
26696599464181.76 
30495890166251.52 
29935968300564.48 
17386009448939.52 
29822897148395.52 
101270324626063.36 
150334368529776.62 
7912408384675.84 
185606841231441.9 
85776160616611.84 
102625376437534.72 
39194907288535.04 
20876114222120.96 
85681752170823.69 
148769640032501.75 
36317893382635.52 
22007699503841.28 
65746737001922.56 
307319178967121.94 
33236300136448.0 
44702180583669.76 
38346839487938.56 
111360618355752.95 
50722753853521.92 
154684650726359.03 
67388971495587.84 
93320051999375.36 
71528175648112.64 
184795785810411.53 
188676799463424.0 
61611709227335.68 
101091988214906.88 
76420533929902.08 
264514736873799.7 
55687337858170.88 
312711599053864.94 
321500411770961.94 
54844086343434.24 
174943328980172.8 
500526785290567.7 
521708879001681.94 
228853888717946.88 
463285987196272.6 
35492993179320.32 
589419615045550.1 
98975124312555.52 
146347049550807.03 
259390039057367.03 
64375535262760.96 
472393111243325.44 
1092275535242854.4 
50315555899310.08 
37843157454684.16 
102023082855628.8 
1011267855271854.1 
188402545385799.7 
786263974933954.5 
371056967347077.1 
568786762680238.1 
600122186404986.9 
500506893337231.4 
3311008398903869.5 
581051581894492.1 
4794760306632950.0 
1203180951631298.5 
102213705497313.28 
501457445236244.5 
4945209847835525.0 
1251546637491241.0 
165365468469657.6 
124086035774177.28 
1259101086327767.0 
248104632571658.25 
601181554076549.1 
701764003957309.5 
254509738877255.7 
2984457320236318.5 
1340272475845427.2 
3358281574100500.5 
357581426476974.06 
1048477964493127.6 
1.3835725379458826e+16 
1912228034212003.8 
101618055990476.8 
19441025760624.64 
1826077325687521.2 
1277406261154939.0 
8769490339380593.0 
1077696822866083.9 
192382563757588.47 
229018560166625.28 
8124488474946437.0 
3610310444612321.5 
2528534554948403.0 
2283706442726768.5 
4362488113801462.0 
2023106396521758.8 
4384881657459507.0 
4199509943239311.5 
260698117127536.62 
1.2152874380170362e+16 
622939211935252.5 
381139771787837.44 
1187031311408169.0 
1.7628229973888204e+16 
1008841226327162.9 
1.933433797060067e+16 
845918533027102.8 
1312403411257262.0 
946461800629534.8 
200525870341816.3 
104808756795146.23 
2511418625915617.5 
976066419307315.2 
5.107828843796758e+16 
1732736646937313.2 
4042822560860078.0 
761909894205931.5 
246747265530593.28 
133689825102397.44 
178748149947432.97 
750174700327403.5 
322081818861895.7 
988363143171276.8 
998510322285281.2 
5001174123230003.0 
2089995900309995.5 
1.30359216109414e+16 
2286200275473531.0 
2.121085202148098e+16 
541461486858403.8 
94888683120885.77 
4564496563925156.0 
399837582558494.75 
552375755124244.5 
4496080843814994.0 
1229805375381831.8 
2838349420376883.0 
747744955140669.5 
3341102906332938.0 
2042824439837491.2 
218921001906339.84 
416547882013818.9 
504058574190673.94 
507041165543997.44 
408174262831022.06 
3523748855084482.5 
335208136310784.0 
89685566915870.72 
616909159100579.9 
286511628466257.94 
100943210859724.8 
1631371422861885.5 
888593352511979.5 
4470594012666921.0 
5643016605962076.0 
586999644689530.9 
4120488634445988.0 
3556647478629499.0 
657804739760619.5 
3574654068032798.5 
419926959503441.94 
4950121260352799.0 
7027797977297060.0 
2114724865234698.2 
1.6159356760978698 
