0.20250000312924385 
0.1995333370566368 
0.19913333564996719 
0.1993333373963833 
0.1983666694164276 
0.19920000150799752 
0.20036666944622994 
0.20026666969060897 
0.19793333545327185 
0.2007666701078415 
0.20350000247359276 
0.20203333586454392 
0.19860000282526016 
0.19946666896343232 
0.2008333359658718 
0.20133333578705787 
0.20150000274181365 
0.1993666695058346 
0.199800001680851 
0.19983333587646485 
0.19673333629965783 
0.2003000020980835 
0.20316666945815087 
0.19910000190138816 
0.19913333594799043 
0.1987000024318695 
0.20026666879653932 
0.20043333649635314 
0.20113333567976951 
0.2007000021636486 
0.2013000027835369 
0.1998666690289974 
0.19763333559036256 
0.20286666870117187 
0.20090000197291374 
0.2018333350121975 
0.2015333342552185 
0.20290000304579736 
0.19773333474993707 
0.20230000242590904 
0.1969333353638649 
0.20146667018532752 
0.19836666852235793 
0.19773333586752415 
0.20056666940450668 
0.20010000273585318 
0.198200004696846 
0.20076666846871377 
0.20003333523869515 
0.199166669100523 
0.20050000205636023 
0.19940000280737877 
0.19920000210404396 
0.20176666885614394 
0.19810000255703927 
0.20006666779518129 
0.20153333634138107 
0.19736666947603226 
0.2024000020325184 
0.2034333363175392 
0.20093333557248116 
0.2013000027835369 
0.19826666936278342 
0.19876667067408563 
0.20023333564400672 
0.1937333355844021 
0.19956666871905326 
0.19706666931509972 
0.20146666944026947 
0.19813333600759506 
0.20090000197291374 
0.19860000163316727 
0.2011000020802021 
0.199333336353302 
0.197633336186409 
0.2032666702568531 
0.20000000298023224 
0.20150000259280204 
0.20000000283122063 
0.19753333620727062 
0.20080000311136245 
0.19973333612084387 
0.19970000222325324 
0.19963333547115325 
0.20073333546519279 
0.19883333578705786 
0.20013333603739739 
0.20230000346899032 
0.20070000290870665 
0.20196666955947876 
0.20133333653211594 
0.19903333574533463 
0.2015000031888485 
0.2001666694879532 
0.19853333488106728 
0.19926666975021362 
0.19880000308156012 
0.2005666697025299 
0.19850000143051147 
0.1998000028729439 
0.2004000024497509 
0.19690000340342523 
0.19930000349879265 
0.1997000029683113 
0.19823333516716957 
0.20020000293850898 
0.20133333578705787 
0.19940000265836716 
0.19986667037010192 
0.20070000290870665 
0.20323333665728568 
0.20016666933894156 
0.1999000032246113 
0.20053333654999733 
0.19993333637714386 
0.19913333550095558 
0.20080000266432763 
0.19930000275373458 
0.200066669434309 
0.20000000298023224 
0.19993333473801614 
0.2002000032365322 
0.19883333578705786 
0.1999666692316532 
0.19883333548903465 
0.19726666927337647 
0.20026666939258575 
0.20056666925549507 
0.1961666713654995 
0.2006000018119812 
0.199166669100523 
0.1996666695177555 
0.20000000298023224 
0.19573333635926246 
0.1996666693687439 
0.20060000270605088 
0.20106666952371596 
0.20020000293850898 
0.20040000334382058 
0.1997666697204113 
0.1985666696727276 
0.19873333618044853 
0.19956666976213455 
0.20153333619236946 
0.20030000269412995 
0.1999000035226345 
0.2001333363354206 
0.20010000303387643 
0.20193333610892295 
0.19973333597183227 
0.201833336353302 
0.19670000344514846 
0.19813333600759506 
0.20036667004227637 
0.2018333362042904 
0.2010333362221718 
0.20040000289678572 
0.2023666699230671 
0.20130000293254852 
0.20010000288486482 
0.20286666989326477 
0.20036666974425316 
0.20020000249147415 
0.20536667004227638 
0.19933333560824396 
0.20046666949987413 
0.1979666693508625 
0.19986666977405548 
0.20033333614468574 
0.19980000212788582 
0.1972666698694229 
0.20003333643078805 
0.20016666918992995 
0.2005666698515415 
0.1997333362698555 
0.19980000361800193 
0.2016000035405159 
0.20003333628177644 
0.20020000264048576 
0.19893333658576012 
0.19920000314712524 
0.19986666962504387 
0.19743333637714386 
0.2003000035881996 
0.20176666975021362 
0.20000000283122063 
0.20000000298023224 
0.19996666982769967 
0.19990000277757644 
0.20030000314116478 
0.20003333568572998 
0.19976666942238808 
0.19990000247955322 
0.20133333668112754 
0.20000000298023224 
0.20016666978597641 
0.20003333628177644 
0.2015666699409485 
0.19993333607912064 
0.2000000025331974 
0.19956666931509973 
0.19990000307559966 
0.20000000298023224 
0.1993666695058346 
0.20000000298023224 
0.20000000298023224 
0.20113333582878112 
0.20000000298023224 
0.1998000030219555 
0.20000000298023224 
0.20010000318288804 
0.19800000324845313 
0.20020000293850898 
0.20000000298023224 
0.19996666967868804 
0.20000000298023224 
0.20000000298023224 
0.20000000298023224 
0.20000000298023224 
0.20000000298023224 
0.20000000298023224 
0.20000000298023224 
0.20000000298023224 
0.20296667039394378 
0.20026666954159736 
0.20000000298023224 
0.20073333606123925 
0.20000000298023224 
0.19963333666324615 
0.20000000298023224 
0.20000000298023224 
0.20000000298023224 
0.20000000298023224 
0.20000000298023224 
0.19950000301003457 
0.20000000312924385 
0.20026666954159736 
0.20000000298023224 
0.20000000298023224 
0.20000000298023224 
0.20000000298023224 
0.20000000298023224 
0.20000000298023224 
0.20000000298023224 
0.20000000298023224 
0.20000000298023224 
0.20000000298023224 
0.20000000298023224 
0.20000000298023224 
0.20000000298023224 
0.19896666944026947 
0.2002333363890648 
0.20000000298023224 
0.20000000298023224 
0.20003333643078805 
0.20003333628177644 
0.19963333621621132 
0.19816666945815087 
0.1998000030219555 
0.20000000298023224 
0.20000000298023224 
0.19743333667516708 
0.20073333635926247 
0.19976666957139969 
0.19956666961312294 
0.20000000298023224 
0.20000000298023224 
0.20000000298023224 
0.20000000298023224 
0.20000000298023224 
0.20000000298023224 
0.20000000298023224 
0.20000000298023224 
0.20000000298023224 
0.20000000298023224 
0.20000000298023224 
0.20000000298023224 
0.20000000298023224 
0.20000000298023224 
0.20000000298023224 
0.20000000298023224 
0.20003333628177644 
0.2007000030577183 
0.20000000298023224 
0.20000000298023224 
0.20000000298023224 
0.20000000298023224 
0.20000000298023224 
0.20000000298023224 
0.20000000298023224 
0.20023333609104157 
0.19976666957139969 
0.20000000298023224 
0.20000000298023224 
0.20000000298023224 
0.20000000298023224 
0.20000000298023224 
0.20000000298023224 
0.20000000298023224 
0.20000000298023224 
0.2193666709959507 
0.28560000374913214 
0.24546667009592057 
