1.150666143298149 
1.26187322974205 
1.2578099465370178 
1.2532808947563172 
1.2495985162258147 
1.2529957294464111 
1.2513242757320404 
1.25226318359375 
1.2513050162792205 
1.2499443244934083 
1.2520954966545106 
1.2486443829536438 
1.2514378702640534 
1.2515191841125488 
1.2517524397373199 
1.2503110098838806 
1.250629494190216 
1.2511499917507172 
1.2504136848449707 
1.2508510196208953 
1.2516226804256438 
1.2518413615226747 
1.2535099589824676 
1.2523477518558501 
1.2522902846336366 
1.2509965682029724 
1.2511975824832917 
1.2515734839439392 
1.252514044046402 
1.2497500789165497 
1.2493751990795134 
1.2475297796726226 
1.2499321818351745 
1.2519244384765624 
1.2522986435890198 
1.2509088385105134 
1.2518014264106752 
1.2519850373268127 
1.250549989938736 
1.2504270625114442 
1.2511457514762878 
1.2517594170570374 
1.250740407705307 
1.2510709393024444 
1.2527821207046508 
1.2509712553024293 
1.253428303003311 
1.251828645467758 
1.2523934864997863 
1.2530566906929017 
1.2512558794021607 
1.2539986646175385 
1.250492477416992 
1.2514702677726746 
1.2522540152072907 
1.2497538125514984 
1.249336940050125 
1.2495987355709075 
1.2511880958080293 
1.2504946088790894 
1.2507963812351226 
1.2521598243713379 
1.2531329929828643 
1.2498565709590912 
1.2515694999694824 
1.2537994575500488 
1.2499677395820619 
1.25166596531868 
1.2494778192043305 
1.2494853413105012 
1.2518799662590028 
1.2531262040138245 
1.2514038062095643 
1.2516276049613952 
1.2526211500167848 
1.2530979442596435 
1.2514810860157013 
1.252148960828781 
1.2519146466255189 
1.250728552341461 
1.2510478127002715 
1.2529609751701356 
1.2512105298042298 
1.2479074239730834 
1.2510630917549133 
1.2469610977172851 
1.249928925037384 
1.2529471254348754 
1.2516131794452667 
1.2495578706264496 
1.2488752734661102 
1.254472575187683 
1.2513961791992188 
1.2511754930019379 
1.2510427498817445 
1.251138174533844 
1.2509219908714295 
1.251040097475052 
1.2515531539916993 
1.2511750996112823 
1.2534792387485505 
1.2509952569007874 
1.2511582553386689 
1.251154773235321 
1.2484945964813232 
1.2512826907634735 
1.2541910493373871 
1.251115355491638 
1.2522656118869782 
1.2511650121212006 
1.2486513543128968 
1.2511919808387757 
1.251155558824539 
1.2507724416255952 
1.251158504486084 
1.2512408471107483 
1.2519558095932006 
1.2509028506278992 
1.2510990369319916 
1.2511180186271667 
1.2512268090248109 
1.2511082673072815 
1.251999843120575 
1.2511381030082702 
1.2511058628559113 
1.253042801618576 
1.2511354172229767 
1.2511754357814788 
1.2517547047138213 
1.251133154630661 
1.2507472896575929 
1.2510824394226074 
1.2510939383506774 
1.2496052515506744 
1.252280180454254 
1.251250785589218 
1.2510910725593567 
1.2510795557498933 
1.2509586226940155 
1.2510957539081573 
1.2512823522090912 
1.250231031179428 
1.2511223292350768 
1.2512989282608031 
1.2510742056369781 
1.2506733107566834 
1.2510916447639466 
1.2510984241962433 
1.2510688281059266 
1.2511129474639893 
1.2510988998413086 
1.2507066118717194 
1.2513208031654357 
1.2510806667804717 
1.2510841870307923 
1.2510723555088044 
1.2510908842086792 
1.2509194588661194 
1.251999158859253 
1.2510959434509277 
1.2511560928821563 
1.2516064214706422 
1.2510890078544616 
1.252065349817276 
1.2503347682952881 
1.2511202895641327 
1.2511299288272857 
1.2510869824886321 
1.2510756313800813 
1.2510593032836914 
1.2511513972282409 
1.251157488822937 
1.2504201102256776 
1.251089928150177 
1.25108522772789 
1.251089494228363 
1.2510869562625886 
1.2510871994495392 
1.250632883310318 
1.2510882246494293 
1.2510893106460572 
1.251087896823883 
1.2511216080188752 
1.2498007535934448 
1.2501915502548218 
1.250896521806717 
1.2510902488231659 
1.2510844886302948 
1.2510876607894899 
1.2510900676250458 
1.2521278262138367 
1.2510864794254304 
1.2510832560062408 
1.2510691511631011 
1.2510735142230986 
1.2510854363441468 
1.2511050355434419 
1.251062672138214 
1.2510851645469665 
1.2515251791477204 
1.2510879755020141 
1.251087566614151 
1.2510865712165833 
1.251089426279068 
1.2510870099067688 
1.251084258556366 
1.251085203886032 
1.2510859012603759 
1.2515082490444183 
1.2510863602161408 
1.251097377538681 
1.2510589957237244 
1.251086971759796 
1.2510862314701081 
1.251085786819458 
1.2510866391658784 
1.2510858690738678 
1.251086003780365 
1.251086131334305 
1.2510859835147858 
1.2511079442501067 
1.251086174249649 
1.2510860919952393 
1.2510863900184632 
1.2511089503765107 
1.2510860896110534 
1.2510863757133484 
1.2510859036445618 
1.251086791753769 
1.2510861468315124 
1.2510859560966492 
1.251086164712906 
1.2510859167575836 
1.251086095571518 
1.2510868060588836 
1.2510859179496765 
1.251085990667343 
1.2510861456394196 
1.251085957288742 
1.2510867726802826 
1.2510860860347748 
1.2510860359668732 
1.2510860693454742 
1.2510861098766326 
1.2510859334468842 
1.2510861086845397 
1.2510860550403595 
1.2510861110687257 
1.2510860168933868 
1.251085990667343 
1.2510914731025695 
1.2510264313220978 
1.2510859167575836 
1.2510895776748656 
1.2512710535526275 
1.251091092824936 
1.2510868108272553 
1.2511019468307496 
1.2510699868202209 
1.2510861766338348 
1.2510880506038666 
1.2519052278995515 
1.251212890148163 
1.2510866713523865 
1.2511474299430847 
1.2510859763622284 
1.2510875475406646 
1.2508468747138977 
1.2506678771972657 
1.250966694355011 
1.2510861158370972 
1.2510860180854797 
1.2510860085487365 
1.2510861134529114 
1.2510859227180482 
1.2510861563682556 
1.2510860347747803 
1.2510861098766326 
1.251085911989212 
1.2510861670970916 
1.2510839867591859 
1.2510861885547637 
1.250305687189102 
1.25108593583107 
1.2510860359668732 
1.2510860502719878 
1.251086001396179 
1.251086014509201 
1.25108584523201 
1.251085830926895 
1.2510835111141205 
1.25109038233757 
1.251083598136902 
1.2510874271392822 
1.251086051464081 
1.251086037158966 
1.2510861217975617 
1.251088193655014 
1.251086118221283 
1.2511462342739106 
0.9007271528244019 
0.87289934694767 
0.8920901823043823 
