486.27512262940405 
16213.809470214845 
116956.14862304687 
446924.257890625 
1072878.8046875 
2596097.28875 
5454333.079375 
8760934.94 
20748503.485 
20182095.975 
54289761.69 
58505507.92 
94547801.46 
148109872.4 
233707520.48 
315832814.92 
391852773.2 
461912353.36 
862267750.72 
1139876944.0 
1098240664.96 
1123955588.8 
2198553206.4 
2483501317.44 
3686505816.32 
3349160846.72 
4585795867.52 
6284622705.92 
8779921903.36 
12355328851.2 
11945863726.72 
18623023290.88 
22820820482.56 
24622107054.08 
27763291499.52 
50538687846.4 
50755345356.8 
60692089072.64 
38048328140.8 
76556866503.68 
88181682360.32 
86035109222.4 
72927425454.08 
146644282327.04 
172354037555.2 
195043239649.28 
109990416737.28 
226913490862.08 
443424758661.12 
67695799567.36 
376816986071.04 
157523478548.48 
246422529597.44 
636666938490.88 
545565245276.16 
376550187868.16 
188143346143.36 
224602372628.48 
532271600025.6 
209446688885.76 
390691441295.36 
180624590988.8 
1568856027033.6 
214413036296.32 
2903384067276.8 
444453701629.44 
2768283499069.44 
589464398315.52 
2382022160875.52 
39055145348.48 
2082143405614.08 
599849916579.84 
3112296983101.44 
695251108925.44 
2187879932231.68 
581107460546.56 
3230442107166.72 
1099713508311.04 
3154200578621.44 
1434918452162.56 
5703179048222.72 
1170129794170.88 
3190038409052.16 
629252378337.28 
5474499394109.44 
1881155275417.6 
6753037365248.0 
1963359153192.96 
11978268088729.6 
2070332879467.52 
4594197784494.08 
1137663176130.56 
3452607577088.0 
8151705586237.44 
822159116628.48 
6894450698158.08 
1952768266178.56 
14496197640192.0 
6659630128168.96 
16205168522690.56 
8461525462548.48 
8583900460482.56 
31241096551464.96 
25499909509611.52 
4675635727155.2 
23784081292001.28 
1002719712450.56 
10805349490360.32 
5139757533184.0 
18090232672419.84 
308579057930.24 
22540203968430.08 
21543860237762.56 
15122171945287.68 
33721459639582.72 
16841275484405.76 
13538162439290.88 
34462039723212.8 
81828156842967.05 
43783722998169.6 
21264458763468.8 
45990244563025.92 
7452059460300.8 
16292034240839.68 
35275991988305.92 
12551933869424.64 
2801027212697.6 
45434292786954.24 
3578271269621.76 
25420141953024.0 
10714734260060.16 
53654038334668.8 
51238714563624.96 
1381488463851.52 
14901560324669.44 
9934487985848.32 
33078172322365.44 
64960747877171.2 
13614755403530.24 
78732338035425.28 
2936093068779.52 
15092197244682.24 
127708388740300.8 
1373199368069.12 
58059595650170.88 
4561274227589.12 
60189706994319.36 
43170150843678.72 
28864251929559.04 
80145946910392.31 
29358656239697.92 
5992502808412.16 
14319322816839.68 
90434217896837.12 
31404972418007.04 
51360979531857.92 
107960939514429.44 
8694154936647.68 
38373096378859.52 
57937560747376.64 
19565587017236.48 
22033195398103.04 
86407314218680.31 
13456845078528.0 
144181173996748.8 
61600975639019.52 
34195240716861.44 
100730888503951.36 
173012055886397.44 
14700325267046.4 
57846133000765.44 
144597383002849.28 
29625895604715.52 
288264674586132.5 
36600173433978.88 
58739852357140.48 
36300705065861.12 
690136606976245.8 
35073409185546.24 
113046511760179.2 
52566515259801.6 
576588686578155.5 
55960444041297.92 
47865714567413.76 
27377699965501.44 
233549473592115.2 
536169132756828.2 
49067740799959.04 
367734466333900.8 
112366695921745.92 
33773289265889.28 
98172780150784.0 
110587006639144.95 
54364088348180.48 
946425753227755.5 
82645190652723.2 
302047933838786.56 
229962378518200.3 
511183051397529.6 
91643181500989.44 
569837136012902.4 
353190507236556.8 
413523313630904.3 
704723977030860.8 
388941286347898.9 
623045679408742.4 
257957119131648.0 
884314133527265.2 
192288778694164.47 
174910051062906.88 
35752756430438.4 
12997487293890.56 
157795100268298.25 
58670694289899.52 
106338044924395.52 
137509458353848.31 
1357334288101539.8 
101939651841884.16 
155239405311754.25 
1326530576598958.0 
1830091169689763.8 
188420527630581.75 
2845644647489863.5 
182198589056614.4 
2392285099663032.5 
429286849689681.94 
46507869588684.8 
1444647112854732.8 
111399576663490.56 
1754554109169500.2 
99978219888312.31 
1013244637961257.0 
6080980642126889.0 
521210168512348.2 
909033566107074.5 
3476833452716196.0 
173269762068971.53 
1008570972137062.4 
9600511234591948.0 
558476384188497.94 
1197216282223575.0 
704756072673443.9 
268860952868290.56 
1.0455363519187518e+16 
542458814880808.94 
505871268965253.1 
7191740789334999.0 
303250296337858.56 
147727231625461.75 
34998329220792.32 
54978270600888.32 
33345272405032.96 
96397839627714.56 
106901063797309.44 
19546474487480.32 
77942796655001.6 
141778678989455.38 
332740747758796.8 
729137232647290.9 
207954813281894.4 
314278768292659.2 
26188085843722.24 
161897604327669.75 
95473415183400.95 
55356367937208.32 
549298549266841.6 
88052024265932.8 
198694795600199.7 
573696129740308.5 
71604671789137.92 
209559038396989.44 
1184140012678021.0 
108591549760143.36 
440746936059822.06 
419688518784122.9 
2449883355430256.5 
484671036483174.4 
289753814144122.9 
2281492912191570.0 
833478140205465.6 
161313424314204.16 
533739198239211.5 
132101672892497.92 
5195797871575695.0 
755836818764595.2 
7275868953824461.0 
2730790550220308.5 
2486463631521218.5 
4490039156361134.0 
1443002805974466.5 
481966198567731.2 
1110877132768542.8 
580871203562455.0 
235294156867502.1 
875679136318750.8 
596803910652395.5 
1854538516613038.0 
304498920165212.2 
706726554878607.4 
241006997536768.0 
1.6242859590053558 
1.6026127302646638 
1.6152844035625458 
