483.47206806540487 
16217.587111816407 
116950.11259765625 
447403.813671875 
1073181.0521875 
2595927.9525 
5451284.02625 
8757002.615 
20744068.8925 
20193358.195 
54267902.645 
58520995.9 
94602551.22 
148106157.3 
233757036.36 
315772381.4 
392097110.4 
461629643.52 
862418278.4 
1140045648.96 
1098036458.88 
1123442269.2 
2199191384.64 
2482936757.28 
3685787265.28 
3349608907.52 
4586530986.24 
6280508323.84 
8777903776.0 
12363027363.2 
11947979732.48 
18623871912.96 
22821726801.92 
24617924674.56 
27775137239.04 
50541310996.48 
50732471459.84 
60691206850.56 
38035112990.72 
76557600901.12 
88202435420.16 
86052357683.2 
72884061859.84 
146636430192.64 
172287167528.96 
195106505728.0 
110025182341.12 
226934552125.44 
443506843320.32 
67662025442.56 
376723191644.16 
157510046187.52 
246395905761.28 
636234618142.72 
545382602670.08 
376473318727.68 
188219567929.6 
224654137210.88 
532253137674.24 
209410427051.52 
391076332779.52 
180515986503.68 
1569596810526.72 
214545005334.4 
2903785527377.92 
444292964403.2 
2767380817674.24 
589586818662.4 
2381999302164.48 
39493331147.52 
2082414354739.2 
599784122613.76 
3113936361881.6 
695288629903.36 
2187806379212.8 
580546671800.32 
3231761590312.96 
1098777967001.6 
3153371163525.12 
1433113567744.0 
5701572745134.08 
1169213139435.52 
3191122973163.52 
629152767016.96 
5480024317952.0 
1886849497948.16 
6753354433085.44 
1962722438840.32 
11976373204418.56 
2071021479347.2 
4592188386426.88 
1138424640307.2 
3449705357475.84 
8150033521704.96 
822552140472.32 
6892560838164.48 
1952155385405.44 
14497058126561.28 
6662478266368.0 
16206360193269.76 
8462266617036.8 
8578557805527.04 
31241492884357.12 
25482640993812.48 
4679365132042.24 
23791883938693.12 
1002294937886.72 
10804914393251.84 
5141141970698.24 
18089100960071.68 
308502155315.2 
22539225948487.68 
21545963445288.96 
15121729149992.96 
33727454710333.44 
16844111911976.96 
13539084265717.76 
34463536114565.12 
81826234058670.08 
43785118694768.64 
21262722258698.24 
45998667171102.72 
7450425866240.0 
16294571497226.24 
35275412435107.84 
12555232398540.8 
2802689018634.24 
45437507710484.48 
3578082872320.0 
25414098081546.24 
10713467039580.16 
53661237612380.16 
51233528154685.44 
1382260261130.24 
14900297768386.56 
9933499567964.16 
33072631827660.8 
64959151095152.64 
13621624024596.48 
78738008021401.6 
2946574924840.96 
15094928829235.2 
127717638112542.72 
1373254921093.12 
58056899947397.12 
4560144130375.68 
60194233377095.68 
43170091735449.6 
28867508368834.56 
80144026640056.31 
29359206773555.2 
5990013167534.08 
14328286634311.68 
90429678511718.4 
31411470831452.16 
51370481533583.36 
107958634146693.12 
8685610385899.52 
38373022785208.32 
57937126605455.36 
19573032634286.08 
22033140843151.36 
86404772811243.52 
13458250018488.32 
144181198743797.75 
61600858945617.92 
34199727961538.56 
100745205988720.64 
172994691850567.7 
14700528074752.0 
57835302326108.16 
144615332080844.8 
29629793121075.2 
288260673618575.4 
36602658606284.8 
58735665817845.76 
36298367188336.64 
690148242245550.1 
35072537802178.56 
113040078216888.31 
52564614991052.8 
576585958917406.8 
55962880378798.08 
47865519512780.8 
27375880873574.4 
233583015692861.44 
536183666942935.06 
49063963366522.88 
367737026400747.5 
112361493621637.12 
33769395036487.68 
98172421097390.08 
110594899092439.05 
54367898536509.44 
946438337721794.5 
82643270772981.77 
302051437848821.75 
229940338737807.38 
511181658532085.75 
91643409098342.4 
569861702946652.1 
353192431541288.94 
413537407485870.06 
704715536117268.5 
388945056156876.8 
623039622917652.5 
257960443201454.1 
884308084355235.9 
192287376810967.03 
174911122267176.97 
35751697963745.28 
12997791724666.88 
157800733400104.97 
58669481852928.0 
106337971292078.08 
137504885540126.72 
1357333463543316.5 
101939648004096.0 
155239154817433.6 
1326534176119193.5 
1830109944870338.5 
188422495147130.88 
2845643177538355.0 
182200008473313.28 
2392135369768304.5 
429286426106920.94 
46507863872634.88 
1444649610332078.0 
111389017222676.48 
1754559840098713.5 
99976073274982.4 
1013239430082723.9 
6080978830858650.0 
521212407264051.2 
909035879711375.4 
3476832188749578.0 
173270115690741.75 
1008570307696394.2 
9600517188154818.0 
558476800515112.94 
1197218271351275.5 
704753657089884.1 
268866562694840.3 
1.0455361726059642e+16 
542459030593863.7 
505871453808230.4 
7191737302735913.0 
303252507470069.75 
147727219545866.25 
34998471947714.56 
54979796440186.88 
33344414300897.28 
96397969467637.77 
106900876064194.56 
19546747206369.28 
77942378452746.23 
141776837068718.1 
332739291751383.06 
729127680228720.6 
207953945857884.16 
314277641034137.6 
26187862409871.36 
161897079698227.2 
95473428534394.88 
55358048056115.2 
549298329178603.5 
88052078126039.05 
198697787709194.25 
573698823965900.8 
71605637669191.69 
209558822568591.38 
1184139492018094.0 
108591169764065.28 
440745337786204.2 
419686341921996.8 
2449884677448663.0 
484670537612656.6 
289745739741921.25 
2281493053036298.0 
833484979353681.9 
161312186575093.75 
533738779810201.6 
132094995301662.72 
5195823680826900.0 
755836536099962.9 
7275863876892099.0 
2730789413401395.0 
2486466423449190.5 
4490055142914130.0 
1442999199711887.2 
481966321859952.6 
1110865869777797.1 
580870332627025.9 
235297139405619.2 
875680497737400.4 
596803834567721.0 
1854543136974438.5 
304498432095027.2 
706726617080135.6 
241005374068490.25 
1.6038576245307923 
1.585644130706787 
1.5942040693759918 
