0.20570000246167183 
0.19930000215768814 
0.1996333360671997 
0.19990000292658805 
0.20166666939854622 
0.1995333357155323 
0.20000000283122063 
0.19946666955947875 
0.2004333357512951 
0.20110000297427177 
0.19940000265836716 
0.20120000332593918 
0.19986666932702066 
0.20070000246167183 
0.20010000243782997 
0.200566668510437 
0.20070000246167183 
0.20013333544135092 
0.20050000250339509 
0.20030000254511834 
0.20010000213980675 
0.19970000237226487 
0.19883333534002304 
0.1996666695177555 
0.1996333360671997 
0.20030000180006027 
0.2000000025331974 
0.1999333356320858 
0.19883333519101143 
0.20063333570957184 
0.20073333591222764 
0.20170000270009042 
0.2007666690647602 
0.20000000193715095 
0.19956666886806487 
0.20026666939258575 
0.19990000262856483 
0.1995333357155323 
0.200566668510437 
0.20056666895747186 
0.20023333609104157 
0.19966666907072067 
0.2005000028014183 
0.20010000333189965 
0.19926666900515555 
0.20030000269412995 
0.19876666963100434 
0.19980000257492064 
0.1992666691541672 
0.1991333357989788 
0.20020000264048576 
0.199100002348423 
0.2005000028014183 
0.19990000292658805 
0.19946666911244393 
0.20090000271797182 
0.20126666992902756 
0.2008666691184044 
0.19993333607912064 
0.2004333357512951 
0.20030000299215317 
0.19983333587646485 
0.1989000029861927 
0.20090000301599503 
0.20003333643078805 
0.19893333584070205 
0.2010000018775463 
0.19996666938066482 
0.20070000261068344 
0.2021000023186207 
0.20000000178813934 
0.19893333539366723 
0.20016666933894156 
0.2000333358347416 
0.1996000024676323 
0.1991666692495346 
0.19983333632349967 
0.19953333526849748 
0.19963333621621132 
0.2010333362221718 
0.2001333363354206 
0.19893333613872527 
0.19990000262856483 
0.20196666851639747 
0.20023333624005318 
0.2024666692316532 
0.200933336019516 
0.19893333554267884 
0.20000000298023224 
0.20096666887402534 
0.20123333618044853 
0.1984333376586437 
0.1999666701257229 
0.20000000298023224 
0.20006666958332062 
0.20000000298023224 
0.20000000283122063 
0.20003333628177644 
0.19993333622813225 
0.20003333628177644 
0.19876666903495788 
0.20010000288486482 
0.20000000298023224 
0.20000000298023224 
0.2013666707277298 
0.19993333637714386 
0.19830000251531602 
0.20000000298023224 
0.19940000310540199 
0.20000000298023224 
0.20153333649039268 
0.20000000298023224 
0.20000000298023224 
0.2001666696369648 
0.20000000298023224 
0.20000000298023224 
0.19973333597183227 
0.20006666958332062 
0.20000000298023224 
0.20000000298023224 
0.20000000298023224 
0.20000000298023224 
0.1993666695058346 
0.20000000298023224 
0.20000000298023224 
0.1989333362877369 
0.20000000283122063 
0.20000000298023224 
0.19983333587646485 
0.20000000298023224 
0.20013333678245546 
0.20000000298023224 
0.20000000298023224 
0.2012333369255066 
0.1993666696548462 
0.19996666952967643 
0.20000000298023224 
0.20000000298023224 
0.20000000298023224 
0.20000000298023224 
0.1997333362698555 
0.20020000278949737 
0.20000000298023224 
0.19993333637714386 
0.20000000298023224 
0.20010000318288804 
0.20000000298023224 
0.20000000298023224 
0.20000000298023224 
0.20000000298023224 
0.20000000298023224 
0.2002333365380764 
0.19990000292658805 
0.20000000298023224 
0.20000000298023224 
0.20000000298023224 
0.20000000298023224 
0.20020000174641608 
0.19960000306367875 
0.20000000298023224 
0.20000000298023224 
0.1997333350777626 
0.20000000298023224 
0.1993666698038578 
0.20043333634734153 
0.20000000298023224 
0.20000000298023224 
0.20000000298023224 
0.20000000298023224 
0.20000000298023224 
0.20000000298023224 
0.20000000298023224 
0.20040000304579736 
0.20000000298023224 
0.20000000298023224 
0.20000000298023224 
0.20000000298023224 
0.20000000298023224 
0.200233336687088 
0.20000000298023224 
0.20000000298023224 
0.20000000298023224 
0.20000000298023224 
0.20073333606123925 
0.2006000028550625 
0.2001666694879532 
0.20000000298023224 
0.20000000298023224 
0.20000000298023224 
0.20000000298023224 
0.19960000336170197 
0.20000000298023224 
0.20000000298023224 
0.20000000298023224 
0.20000000298023224 
0.20000000298023224 
0.20000000298023224 
0.20000000298023224 
0.20000000298023224 
0.19976666957139969 
0.20000000298023224 
0.20000000298023224 
0.20000000298023224 
0.20000000298023224 
0.20000000298023224 
0.20000000298023224 
0.20000000298023224 
0.20000000298023224 
0.1997666697204113 
0.20000000298023224 
0.20000000298023224 
0.2000333361327648 
0.20000000298023224 
0.20000000298023224 
0.20000000298023224 
0.20000000298023224 
0.20000000298023224 
0.20000000298023224 
0.20000000298023224 
0.20000000298023224 
0.20000000298023224 
0.20000000298023224 
0.20000000298023224 
0.20000000298023224 
0.20000000298023224 
0.20000000298023224 
0.20000000298023224 
0.20000000298023224 
0.20000000298023224 
0.20000000298023224 
0.20000000298023224 
0.20000000298023224 
0.20000000298023224 
0.20000000298023224 
0.20000000298023224 
0.20000000298023224 
0.20000000298023224 
0.20000000298023224 
0.20000000298023224 
0.20000000298023224 
0.20000000298023224 
0.20000000298023224 
0.20000000298023224 
0.20000000298023224 
0.20000000298023224 
0.20000000298023224 
0.20000000298023224 
0.20000000298023224 
0.20000000298023224 
0.20000000298023224 
0.20000000298023224 
0.20003333628177644 
0.20000000298023224 
0.20000000298023224 
0.19990000307559966 
0.20000000298023224 
0.20000000298023224 
0.20000000298023224 
0.20000000298023224 
0.20000000298023224 
0.20000000298023224 
0.19956666871905326 
0.19993333622813225 
0.20000000298023224 
0.19996666967868804 
0.20000000298023224 
0.20000000298023224 
0.2001333363354206 
0.20023333594202997 
0.20006666958332062 
0.20000000298023224 
0.20000000298023224 
0.20000000298023224 
0.20000000298023224 
0.20000000298023224 
0.20000000298023224 
0.20000000298023224 
0.20000000298023224 
0.20000000298023224 
0.20000000298023224 
0.20000000298023224 
0.20000000298023224 
0.20043333619832993 
0.20000000298023224 
0.20000000298023224 
0.20000000298023224 
0.20000000298023224 
0.20000000298023224 
0.20000000298023224 
0.20000000298023224 
0.20000000298023224 
0.20000000298023224 
0.20000000298023224 
0.20000000298023224 
0.20000000298023224 
0.20000000298023224 
0.20000000298023224 
0.20000000298023224 
0.20000000298023224 
0.19996666967868804 
0.25900000378489496 
0.32456667378544807 
0.2843000043928623 
