497.83834188461304 
17362.52454956055 
104476.601796875 
327148.43634765624 
1051930.5409375 
3006538.9775 
4722048.38125 
9034020.19625 
12819472.7875 
21546632.94 
38150139.915 
54408315.325 
69996712.845 
117699414.64 
148940982.44 
202734118.28 
333476430.38 
411555579.28 
584338057.52 
974378932.72 
987300844.16 
1587711491.84 
1694258438.72 
2308774333.44 
3962199296.0 
3621298193.28 
4026576821.76 
4150828157.44 
7744708227.84 
7445100008.32 
10199793405.44 
10295354746.88 
13605968519.68 
17525540395.52 
17607887262.72 
26666756497.92 
34816846218.24 
30266445271.04 
34385223592.96 
56506536540.16 
66278721699.84 
64226157189.12 
44896804556.8 
88370212372.48 
82353853501.44 
109574176138.24 
137132562022.4 
213054515609.6 
173581299855.36 
240962373580.8 
266511133685.76 
348946996060.16 
190515866972.16 
485731033907.2 
372623854141.44 
502192866017.28 
367510184601.6 
506660111155.2 
520500877639.68 
619652179701.76 
955757543587.84 
899277812367.36 
1177144152555.52 
1495260284518.4 
1441564446146.56 
1439151678095.36 
2001929738321.92 
1974565517066.24 
2055086828421.12 
2716064911523.84 
2627728404316.16 
2375133004103.68 
3059035510865.92 
4263701232025.6 
3400611803955.2 
3924209663672.32 
3367070379540.48 
3077942152069.12 
6127875626762.24 
6602763306270.72 
6524966754058.24 
7006558967562.24 
7455247220080.64 
4519946375004.16 
6542196128481.28 
6666078791925.76 
6522149111070.72 
5512437190492.16 
7337830459637.76 
8537732467916.8 
8092327418265.6 
5628219473264.64 
6932328930344.96 
7896455686389.76 
6650230253813.76 
8552704594411.52 
6768890538885.12 
7719773911121.92 
8401523774586.88 
6239783131545.6 
6260503376691.2 
7490462462771.2 
9220278169108.48 
7278196825784.32 
7352091278049.28 
8244216657346.56 
8277528000593.92 
9795451140177.92 
9655469856522.24 
7876312094474.24 
4944628336558.08 
10290514988892.16 
8278384021340.16 
7359834630389.76 
12549146898595.84 
9839008947896.32 
5900136105902.08 
12231717861457.92 
11599409326325.76 
18812865088061.44 
13556410086850.56 
22106544359342.08 
9655279930572.8 
22851042549432.32 
17338982268928.0 
16607004913827.84 
16087537532272.64 
18677115309260.8 
25506575996682.24 
13278247295385.6 
26637195206983.68 
36634983218544.64 
27111014200770.56 
58075485904568.32 
8859662808514.56 
35173746317721.6 
46793175413555.2 
17246292473282.56 
46272129605304.32 
30583128399544.32 
45122110876549.12 
20097794420244.48 
22905797737062.4 
96707237563596.8 
13356824456069.12 
35243249277337.6 
92286116545167.36 
17584676471439.36 
58578419562577.92 
113405708845711.36 
32491209285959.68 
111881052686909.44 
71377986154659.84 
38872946714869.76 
148820355239116.8 
32408635907768.32 
22041797326274.56 
54566367044567.04 
19703399974174.72 
68754202230784.0 
35765269089484.8 
73441866798858.23 
150741774667612.16 
330688876836290.56 
48080164774215.68 
15133983700418.56 
115917619231457.28 
50745456548904.96 
57503176059781.12 
77522948831313.92 
393228210751406.06 
24052767260672.0 
120056675492167.69 
22310199535534.08 
99655867039744.0 
5307149469286.4 
131960948507279.36 
39273374975262.72 
28447250200002.56 
268576345691258.88 
296815863288299.5 
59783702816358.4 
121719615539118.08 
124461910987898.88 
58480316928491.52 
269909235691683.84 
232996912402268.16 
26606322366545.92 
190362530495856.62 
81581768620113.92 
128771637300428.8 
687143823008071.6 
170253016377589.75 
253515651476357.12 
163300814389248.0 
427915293155655.7 
78824936251064.31 
520158321626316.8 
488663696529162.25 
700401152163840.0 
320365194431692.8 
476133042096701.44 
34656187514880.0 
286760775752089.6 
544446527234375.7 
125331042724741.12 
159353100818186.25 
90168262517063.69 
83867093686026.23 
72585980600647.69 
179742650015416.3 
723024845272514.5 
274143501216645.12 
133429820017213.44 
541651058883297.25 
558571645703290.9 
153221669724815.38 
192380190522408.97 
138312383956254.72 
144579197455564.8 
904987149420462.1 
564375089001267.2 
1322501912427233.2 
187825836775178.25 
649974460763340.8 
227299940127211.53 
257884313899499.53 
17321252496343.04 
413901622817587.2 
1199778474261217.2 
68106822099927.04 
378631292662579.2 
136443349560197.12 
816554615263723.5 
264559171374940.16 
1174734179018997.8 
213558340343562.25 
511110398130257.94 
510101708697763.8 
251564159716556.8 
800527952977592.4 
103085113383321.6 
365910530992373.75 
99832732498001.92 
432735074170961.94 
165990459066286.1 
22933564906536.96 
191765736047247.38 
140915849235005.44 
85791484648161.28 
226809208084889.6 
115740920056381.44 
980893022436720.6 
148362897433559.03 
57400203505827.84 
143437459247595.53 
103750423344578.56 
513669656598282.25 
1549980487694418.0 
545728265600368.6 
180051436539740.16 
358527448614174.75 
81818025103196.16 
637427031641948.1 
442356321400913.94 
119510718826414.08 
43237568426803.2 
102735670201548.8 
205204103238778.88 
119606068337704.95 
87501825719664.64 
200834915007201.28 
448023869207347.2 
196245230693908.47 
253853740480593.9 
2435520919041474.5 
352858446616330.25 
180287298852618.25 
95765642105323.52 
1450603497138421.8 
6768659933581804.0 
667722606937374.8 
7557466192902881.0 
1066551247131115.5 
564351845238046.8 
78404254367744.0 
141159417255034.88 
140099913698508.8 
729734695952056.4 
305058668620021.75 
117572438736240.64 
1257515300222402.5 
144473149412474.88 
635539584167444.5 
571437875021742.1 
893854192311992.4 
408668078751088.6 
388998653668229.1 
411737447601274.9 
985671688047820.8 
358.6287664794922 
22629.336375732422 
102838.49651367188 
306232.81703125 
744570.1778125 
1838832.375625 
2898932.69875 
5486618.625 
9985514.76875 
17267529.235 
35738073.095 
51048246.8175 
96709462.62 
113419834.48 
175914522.32 
263206010.44 
524536816.52 
456110331.2 
816730937.6 
1019385624.64 
972117307.44 
1998143623.84 
2592219323.52 
2688703382.72 
1995629322.72 
3683239616.0 
4245988695.68 
8319053053.44 
6238778050.56 
10389972784.64 
17588159475.2 
15903697809.92 
17295419576.32 
22578232038.4 
28119725977.6 
22725195842.56 
32926604979.2 
52107611453.44 
47897455390.72 
42910136002.56 
82756101672.96 
86081113738.24 
90995831377.92 
139416299233.28 
131651788810.24 
129234131435.52 
138200752414.72 
57285141864.96 
246539916185.6 
342633581199.36 
296088653004.8 
331310777794.56 
288442285015.04 
423122479349.76 
475976820162.56 
687638453698.56 
712118584565.76 
714051909386.24 
758087807631.36 
1066546607226.88 
887015840071.68 
1631280549724.16 
1712104893644.8 
1622496530759.68 
1974480497868.8 
2504281630638.08 
2460605337436.16 
2357260818841.6 
3132453833277.44 
4269449309061.12 
2993718321807.36 
1109020779397.12 
2163339059691.52 
4032406970695.68 
4885486150615.04 
3201567068323.84 
5295008827310.08 
1639995494154.24 
3854181890129.92 
4142334080286.72 
4416170845143.04 
5737119572951.04 
3200938049863.68 
5700038926008.32 
6428107757322.24 
5046447911976.96 
7088403889520.64 
3356834334146.56 
5487896896798.72 
5370749204234.24 
6482978479800.32 
4088382682398.72 
5582247894876.16 
8313210866237.44 
10970593333084.16 
11162097381539.84 
9698891795005.44 
7277568226426.88 
8705414893404.16 
16374160603217.92 
11935005300490.24 
9264881732157.44 
3069097726443.52 
16529438638080.0 
3892192868761.6 
13525860852695.04 
14100211939409.92 
9279442905989.12 
15144567388241.92 
7214883072245.76 
25682021607014.4 
8966368865812.48 
12518606193295.36 
17978567911014.4 
12408431189032.96 
32290150605127.68 
14589776360898.56 
19633734751354.88 
22825252432117.76 
21376651249582.08 
10473179010826.24 
7764673730969.6 
29914742974054.4 
13671359080038.4 
66045766417776.64 
9295113888727.04 
40910160409395.2 
38621089187758.08 
5319977714319.36 
41462986147102.72 
7871630216396.8 
54518005471641.6 
52819000138137.6 
18035643742945.28 
7484419257139.2 
12764784243507.2 
45249179518238.72 
19898823614136.32 
3648155510374.4 
32725865130885.12 
6572154256424.96 
26136650251796.48 
13575029817344.0 
89902054273187.84 
23415930062110.72 
78868696546672.64 
16355990553231.36 
6426463147130.88 
17446035321651.2 
9259870118215.68 
54705677575127.04 
18877911751720.96 
60099910890946.56 
24568868115578.88 
23283650409267.2 
72918222627143.69 
193560433844551.7 
114346120687124.48 
101964902296453.12 
39944308229406.72 
327815036796928.0 
40324882481807.36 
31177728800194.56 
41864491389419.52 
328753561594757.1 
65218032007905.28 
116638592662241.28 
243529400920309.75 
278012865439334.4 
205611026433966.1 
155854617832325.12 
57582183448576.0 
156324922300825.6 
200750070064742.4 
1908042826084515.8 
119625749065891.84 
983043623181353.0 
62684845244416.0 
521994506852106.25 
57902230555852.8 
1811413747219824.8 
67535292393062.4 
125636536681103.36 
1237017471266324.5 
3025969051011645.5 
498669823794872.3 
2456520726140682.0 
271210687957565.44 
322835439752314.9 
512818289542430.75 
206155981185351.7 
108424978193448.95 
102555754519592.95 
142831125051473.9 
43796739365273.6 
1347537021629890.5 
256525182849515.53 
294084373970944.0 
128237663850332.16 
95239792639344.64 
122526530446898.58 
62069990355129.08 
81921026576875.52 
127294063441346.56 
25784176999792.64 
118619035150581.77 
100378684778741.77 
121668646904791.78 
104091740595814.4 
37583494366286.41 
35178735189325.62 
116427298449653.77 
524305157146542.06 
224442931393658.88 
204664348512092.16 
108581869112524.8 
661170136253726.8 
207224741801492.47 
312931384328356.4 
312740166083543.06 
533726226787860.5 
589585991451279.4 
182074564824230.1 
854400535599841.2 
1.50979416847229 
1.519369250535965 
1.537857791185379 
1.470269272327423 
1.4696290278434754 
