487.6167460334301 
17383.604272460936 
104488.75802734375 
326538.957734375 
1053541.835625 
3008378.155 
4720734.40375 
9036553.40375 
12822477.555 
21548444.515 
38167740.025 
54400065.535 
69979494.625 
117810926.26 
149014188.12 
202848822.4 
333587572.04 
411547487.36 
584508232.16 
974398598.4 
987061940.0 
1587042204.8 
1695269589.76 
2309328697.6 
3962341381.12 
3618311340.16 
4027598515.2 
4150311848.96 
7752484920.32 
7446388540.16 
10199283916.8 
10291894880.0 
13606789544.96 
17520540528.64 
17618344819.2 
26668943564.8 
34808192378.88 
30251458252.8 
34376800783.36 
56501215815.68 
66284417843.2 
64228056616.96 
44911447255.04 
88346976409.6 
82363531217.92 
109573475020.8 
136978120785.92 
213005902848.0 
173621632102.4 
240856870881.28 
266335494502.4 
348592621690.88 
190370275471.36 
485869534986.24 
372661782650.88 
502048371015.68 
367746067742.72 
506382235975.68 
520299430625.28 
619497854709.76 
955737773178.88 
899396477419.52 
1177352710717.44 
1495806278860.8 
1441764652974.08 
1439515107000.32 
2001637948456.96 
1974934601728.0 
2055022390149.12 
2715828463861.76 
2627400633712.64 
2375456269107.2 
3058522103152.64 
4262703227207.68 
3401010401116.16 
3926556162457.6 
3366078929305.6 
3078841899745.28 
6128623213608.96 
6602668108677.12 
6524117062778.88 
7006625231011.84 
7456468382515.2 
4518821944360.96 
6543860781547.52 
6664183490805.76 
6519405034864.64 
5512815803760.64 
7340770135900.16 
8537404819374.08 
8099322741391.36 
5623635046563.84 
6931389352509.44 
7895307773542.4 
6652227003351.04 
8551831578869.76 
6768659592642.56 
7716186701168.64 
8400080336322.56 
6239192041390.08 
6260479564185.6 
7489767844085.76 
9220156513320.96 
7276980333445.12 
7345911403642.88 
8246546354667.52 
8277673071083.52 
9795047831633.92 
9656019399475.2 
7876265904701.44 
4948037445877.76 
10290293621391.36 
8279010346270.72 
7359961282641.92 
12548024481873.92 
9838431626854.4 
5900376337285.12 
12231994921451.52 
11599598401617.92 
18812484082728.96 
13555176164556.8 
22107175848509.44 
9655912292679.68 
22851052775669.76 
17337920079790.08 
16607531306844.16 
16086080819691.52 
18677816693882.88 
25504518884556.8 
13280437587148.8 
26637948388638.72 
36628656168632.32 
27112831632015.36 
58074652894822.4 
8859919672934.4 
35174696235827.2 
46792898809692.16 
17246208325058.56 
46269905785323.52 
30585168959897.6 
45122317257277.44 
20098694381568.0 
22904139126538.24 
96701189670830.08 
13356875445698.56 
35241682757222.4 
92282440389754.88 
17584936095580.16 
58580684877332.48 
113405800931655.69 
32490408388853.76 
111880225921433.6 
71382615465656.31 
38874183228456.96 
148823822187888.62 
32399302354534.4 
22037390533591.04 
54563236709662.72 
19696472090214.4 
68759650707701.76 
35758412679086.08 
73436267544576.0 
150738870730752.0 
330693858327265.25 
48077798766018.56 
15134366131814.4 
115914529109442.56 
50737989922324.48 
57503865490636.8 
77524262888407.05 
393232395544821.75 
24050817221263.36 
120059711626936.31 
22313550352547.84 
99659071823544.31 
5308900888739.84 
131961884695592.95 
39273637803458.56 
28448753727569.92 
268565032111964.16 
296833273424773.1 
59790031741583.36 
121722179535503.36 
124466646000599.05 
58481489750261.76 
269906654191943.7 
232997082607124.47 
26613774710210.56 
190375582414929.9 
81585266229248.0 
128770371810754.56 
687151165472768.0 
170248913215815.7 
253516223128535.03 
163310476988252.16 
427912627890421.75 
78829156365762.56 
520180999892500.5 
488652829548871.7 
700417440156221.5 
320363825368924.2 
476130158512701.44 
34656706486599.68 
286765787211366.4 
544445936928030.75 
125330617448529.92 
159359009507246.1 
90175212158976.0 
83869081177948.16 
72588317326049.28 
179734660663214.1 
723006741028536.4 
274148338213847.03 
133437978986414.08 
541622471184875.5 
558543342047068.2 
153191940848353.28 
192416202914201.6 
138310649328435.2 
144574189320273.9 
905013553025515.5 
564375026422251.5 
1322562523643248.8 
187820176016670.72 
649972065301954.5 
227306227483279.38 
257883104587284.47 
17321898679336.96 
413907817883238.4 
1199775227744092.2 
68106841796116.48 
378632296191754.25 
136443974605864.95 
816558599454064.6 
264561566605639.7 
1174729928479867.0 
213560511889408.0 
511108638787502.06 
510103264920862.75 
251564791861084.16 
800527370388766.8 
103085442568028.16 
365910751958794.25 
99835591372308.48 
432733834471014.4 
165989779735838.72 
22933574831308.8 
191771541420113.9 
140918177786757.12 
85794355504414.72 
226812040477409.28 
115741542480609.28 
980890029024870.4 
148362854850887.7 
57399858943754.24 
143436923787018.25 
103750535835811.84 
513669246374379.5 
1549972354073886.8 
545728023756800.0 
180051148003082.25 
358525267313950.75 
81819986475089.92 
637428300985139.2 
442358363251015.7 
119510300874506.23 
43238467690823.68 
102736160007127.05 
205203946424238.1 
119605874681446.4 
87500887238901.77 
200830917248286.72 
448020811811389.44 
196250797887979.53 
253852659734282.25 
2435505172030423.0 
352858056530329.6 
180289828788633.6 
95767644293038.08 
1450588668008857.5 
6768680657386209.0 
667703311901655.0 
7557462114026127.0 
1066537170543575.0 
564344396573573.1 
78403767343513.6 
141156754915328.0 
140100490493952.0 
729734374060195.9 
305058899872972.8 
117573081534300.16 
1257719986189762.5 
144479015634206.72 
635536196829184.0 
571436062862213.1 
893850469636505.6 
408668514916761.6 
388996139854069.75 
411715847879393.25 
985651181288161.2 
376.1893533313274 
22649.480360107424 
102806.5848828125 
306168.3825 
744283.318671875 
1838531.6940625 
2895644.3953125 
5485248.9025 
9983335.565 
17260525.025 
35734810.295 
51023237.16 
96744881.32 
113445648.76 
175818140.64 
263157253.36 
524869763.52 
456281576.08 
816962511.2 
1019134122.08 
972460216.8 
1997492337.92 
2591063651.84 
2691195951.36 
1994282464.48 
3681291915.52 
4246165495.68 
8322363459.84 
6237660453.12 
10379138869.76 
17592122920.96 
15900423040.0 
17295126033.92 
22577082332.16 
28114487938.56 
22721701248.0 
32894264104.96 
52081634529.28 
47898057379.84 
42871327651.84 
82765829242.88 
86089318574.08 
90973888430.08 
139444234403.84 
131684691630.08 
129337648701.44 
138210643517.44 
57263899742.72 
246454755061.76 
342521361571.84 
296127271608.32 
331272275722.24 
288273030287.36 
423204120903.68 
476021447966.72 
687621411717.12 
712179860193.28 
714086949683.2 
757760922910.72 
1066512870932.48 
886938636861.44 
1631156190904.32 
1712076728238.08 
1622733723402.24 
1974573278003.2 
2504176991272.96 
2460695674224.64 
2357152546160.64 
3131240700313.6 
4268013863567.36 
2994274127544.32 
1108436309114.88 
2163755832688.64 
4034173713448.96 
4884913495736.32 
3202732214681.6 
5296601563136.0 
1639655749550.08 
3857626464256.0 
4143223095459.84 
4416504302141.44 
5742345091153.92 
3201652796456.96 
5699585437859.84 
6426259394396.16 
5045619438305.28 
7090462634147.84 
3357866172088.32 
5485732349870.08 
5371710173675.52 
6482197185822.72 
4087568761487.36 
5579885606502.4 
8315255159521.28 
10971869164339.2 
11160555471503.36 
9708558355005.44 
7276713029795.84 
8702111417630.72 
16373251776184.32 
11931533102284.8 
9266582344171.52 
3066230152232.96 
16528645530583.04 
3891511908761.6 
13526903411179.52 
14100327890944.0 
9278786838200.32 
15140273673994.24 
7215325341941.76 
25681661384458.24 
8969368780144.64 
12518122770923.52 
17980776510914.56 
12409240257822.72 
32291712023920.64 
14588812043223.04 
19634845119938.56 
22828528175677.44 
21374503755448.32 
10479359617925.12 
7768636845588.48 
29916757035581.44 
13667532336005.12 
66044538692567.04 
9292541161635.84 
40908591828828.16 
38630348784926.72 
5318429938483.2 
41463730607226.88 
7872951851417.6 
54515950592983.04 
52820851018956.8 
18036339053690.88 
7484074401464.32 
12761905283727.36 
45234368454328.32 
19891844284416.0 
3645800603320.32 
32725756890316.8 
6569602163752.96 
26140446811422.72 
13573807880273.92 
89923327122472.95 
23410340916101.12 
78882662656245.77 
16358965869281.28 
6432831944130.56 
17441535722782.72 
9257960620687.36 
54702321591910.4 
18878607522529.28 
60099020337971.2 
24563117504593.92 
23292600603115.52 
72908062211440.64 
193576145193533.44 
114339780671569.92 
101961934687436.8 
39941954260172.8 
327811850378936.3 
40328690909839.36 
31181168291348.48 
41862459623997.44 
328756987607121.94 
65214108813230.08 
116628093552558.08 
243529602519531.53 
278030110613831.7 
205629326371061.75 
155864923405025.28 
57582472748072.96 
156324379636531.2 
200762113176371.2 
1907999118825881.5 
119631743308267.52 
983074591628329.0 
62691220541931.52 
522013827598909.44 
57893965970800.64 
1811423184389406.8 
67530513981767.68 
125627934834688.0 
1237072063241912.2 
3025966992853565.5 
498671556126310.4 
2456524874265395.0 
271209653054996.47 
322852692146257.94 
512837170401116.2 
206150450098995.2 
108433537624965.12 
102555721476341.77 
142828402093588.47 
43790493621944.32 
1347472196391403.5 
256527578410516.47 
294082590680023.06 
128223170191687.69 
95257617270046.72 
122543034282127.12 
62052451862098.68 
81928556401131.52 
127288294868254.72 
25783416003297.28 
118615080330854.4 
100383568491642.88 
121661803100897.98 
104085679078113.28 
37582825759515.21 
35174681100357.94 
116428780800573.44 
524307165935042.56 
224437244302458.88 
204666413231636.47 
108580717975306.23 
661173657288048.6 
207218756382883.84 
312931898074890.8 
312742526249861.1 
533726078561157.1 
589582535428669.5 
182080099938306.3 
854396366323712.0 
1.5124694550037383 
1.5074644351005555 
1.522736474275589 
1.471315665245056 
1.4650803399085999 
