0.19980000272393228 
0.202033336609602 
0.198966668844223 
0.19926666975021362 
0.20146666899323462 
0.1992666682600975 
0.2010666698217392 
0.1994000020623207 
0.19843333572149277 
0.19800000220537187 
0.19993333593010904 
0.19953333601355552 
0.19850000217556954 
0.19936666876077652 
0.20093333587050438 
0.19933333575725556 
0.19980000257492064 
0.20073333486914635 
0.19936666905879974 
0.2000666691362858 
0.19963333517313003 
0.20050000235438348 
0.20010000213980675 
0.20013333559036256 
0.1975666692852974 
0.2022000026702881 
0.2007000021636486 
0.19800000205636026 
0.19973333567380905 
0.2005333349108696 
0.1998000019788742 
0.20063333645462988 
0.19916666835546493 
0.2017666693031788 
0.19980000227689743 
0.1979333357512951 
0.20010000228881836 
0.1996333359181881 
0.19890000239014627 
0.19976666882634164 
0.20090000227093696 
0.19973333522677422 
0.19950000151991845 
0.20046666905283927 
0.19926666900515555 
0.20040000215172768 
0.20223333552479744 
0.19990000188350676 
0.20096666887402534 
0.20080000221729277 
0.20026666969060897 
0.20093333408236502 
0.19910000160336494 
0.20020000129938126 
0.1996000024676323 
0.19873333618044853 
0.2009666696190834 
0.20106666922569275 
0.20053333520889283 
0.1983333347737789 
0.19966666758060456 
0.20196666806936264 
0.20036666765809058 
0.1998666685819626 
0.20063333556056023 
0.19900000244379043 
0.200600001513958 
0.19966666862368584 
0.20073333576321603 
0.1997000028192997 
0.20020000204443933 
0.20060000225901603 
0.19996666878461838 
0.19853333562612532 
0.19920000150799752 
0.20033333525061608 
0.20116666838526726 
0.20160000205039977 
0.20046666830778123 
0.20143333539366723 
0.19893333539366723 
0.19893333598971366 
0.20020000264048576 
0.20073333606123925 
0.1993000029027462 
0.20003333568572998 
0.20020000204443933 
0.19853333562612532 
0.19930000305175782 
0.19833333551883697 
0.20060000270605088 
0.1997000026702881 
0.20026666894555092 
0.2009666693210602 
0.20066666901111602 
0.2004000024497509 
0.19960000231862068 
0.2006666688621044 
0.19973333612084387 
0.19863333508372308 
0.19986666917800902 
0.20093333527445792 
0.2001666694879532 
0.2004333359003067 
0.1997333362698555 
0.19973333597183227 
0.2008333358168602 
0.20053333640098572 
0.200066669434309 
0.20010000303387643 
0.1991333357989788 
0.19990000307559966 
0.19943333625793458 
0.19923333585262298 
0.20040000304579736 
0.20013333603739739 
0.1999333357810974 
0.19973333582282066 
0.19983333602547645 
0.1998000030219555 
0.20073333606123925 
0.20006666958332062 
0.198366669267416 
0.1993666695058346 
0.1998000030219555 
0.20030000299215317 
0.20006666958332062 
0.19983333617448806 
0.20020000293850898 
0.1996666693687439 
0.20016666978597641 
0.19953333646059035 
0.19943333581089973 
0.200133336186409 
0.19856666907668113 
0.20126666948199273 
0.19976666957139969 
0.19976666897535325 
0.19853333607316018 
0.20013333573937417 
0.19896666944026947 
0.20020000249147415 
0.19873333647847174 
0.19996666952967643 
0.2009333363175392 
0.19913333624601365 
0.19950000286102296 
0.20086667001247405 
0.20000000268220902 
0.1996666693687439 
0.1997000028192997 
0.20010000288486482 
0.20043333619832993 
0.19803333550691604 
0.19986666962504387 
0.198600003272295 
0.1995000034570694 
0.2005000029504299 
0.19683333694934846 
0.2005000026524067 
0.20006666988134383 
0.20066666945815087 
0.1997000029683113 
0.20000000298023224 
0.19980000242590903 
0.200133336186409 
0.2003333365917206 
0.20006666973233223 
0.1996000027656555 
0.200233336687088 
0.20003333643078805 
0.19723333671689033 
0.1997666697204113 
0.20113333746790885 
0.19933333605527878 
0.2015000042319298 
0.19970000311732292 
0.19953333646059035 
0.19916667014360429 
0.20030000314116478 
0.20000000298023224 
0.19773333728313447 
0.20020000278949737 
0.20000000298023224 
0.19946666985750197 
0.19993333622813225 
0.20000000298023224 
0.1997000029683113 
0.20013333603739739 
0.19990000292658805 
0.19856666937470435 
0.19983333632349967 
0.2013333360850811 
0.20000000298023224 
0.20113333642482759 
0.20026666954159736 
0.19750000312924385 
0.19993333637714386 
0.19983333632349967 
0.20000000298023224 
0.20000000298023224 
0.20000000298023224 
0.19880000308156012 
0.20006666973233223 
0.20000000298023224 
0.20046666964888574 
0.19996666982769967 
0.2022333362698555 
0.20046666964888574 
0.2012000034749508 
0.20233333647251128 
0.20033333644270898 
0.20000000298023224 
0.2013666695356369 
0.2005000029504299 
0.19940000295639038 
0.20003333568572998 
0.1996666693687439 
0.19966667011380196 
0.1997333362698555 
0.20000000298023224 
0.20000000298023224 
0.20000000298023224 
0.20003333643078805 
0.20003333643078805 
0.19970000252127648 
0.19996666982769967 
0.198366669267416 
0.19990000307559966 
0.20000000298023224 
0.1986333367228508 
0.20000000298023224 
0.19996666938066482 
0.20000000298023224 
0.20000000298023224 
0.20000000298023224 
0.19940000280737877 
0.20000000298023224 
0.20000000298023224 
0.20000000298023224 
0.20000000298023224 
0.20000000298023224 
0.20000000298023224 
0.20000000298023224 
0.20000000298023224 
0.20000000298023224 
0.20000000298023224 
0.200133336186409 
0.20000000298023224 
0.20020000383257866 
0.20000000312924385 
0.20000000298023224 
0.20000000298023224 
0.20000000298023224 
0.20000000298023224 
0.20046666964888574 
0.20000000298023224 
0.20000000298023224 
0.20000000298023224 
0.20000000298023224 
0.20000000298023224 
0.20000000298023224 
0.20000000298023224 
0.20000000298023224 
0.20000000298023224 
0.20000000298023224 
0.19993333622813225 
0.20000000298023224 
0.20000000298023224 
0.20000000298023224 
0.20000000298023224 
0.20000000298023224 
0.20000000298023224 
0.20000000298023224 
0.20000000298023224 
0.20000000298023224 
0.20000000298023224 
0.20000000298023224 
0.20000000298023224 
0.20003333628177644 
0.20000000298023224 
0.20000000298023224 
0.20000000298023224 
0.20000000298023224 
0.20000000298023224 
0.20000000298023224 
0.20000000298023224 
0.20000000298023224 
0.20000000298023224 
0.20000000298023224 
0.20000000298023224 
0.20000000298023224 
0.19976666957139969 
0.20000000298023224 
0.20000000298023224 
0.20000000298023224 
0.20000000298023224 
0.20000000298023224 
0.20000000298023224 
0.20000000298023224 
0.20366666972637176 
0.20116666913032533 
0.20000000342726706 
0.1988666695356369 
0.2012333357334137 
0.19973333656787873 
0.20080000191926956 
0.20213333517313004 
0.20170000284910203 
0.19953333467245102 
0.19906666964292527 
0.19983333602547645 
0.20063333600759506 
0.1998666687309742 
0.20056666895747186 
0.20050000175833702 
0.20163333669304848 
0.20080000177025795 
0.20033333584666252 
0.20046666949987413 
0.20020000398159027 
0.20186666831374167 
0.19983333587646485 
0.1995333357155323 
0.2001333364844322 
0.2012000025808811 
0.20516666978597642 
0.19690000250935555 
0.19840000241994857 
0.20166666865348815 
0.20006666868925094 
0.20060000211000442 
0.20056666880846025 
0.20083333566784858 
0.1990000019967556 
0.19930000275373458 
0.19920000240206717 
0.1992333361506462 
0.19963333517313003 
0.19993333533406257 
0.19983333617448806 
0.19986666783690452 
0.19926666870713233 
0.20233333528041839 
0.19826666936278342 
0.19950000301003457 
0.20083333566784858 
0.20160000368952752 
0.19810000255703927 
0.19953333526849748 
0.20446666836738586 
0.2002000018954277 
0.19916666865348817 
0.19810000151395799 
0.19873333603143692 
0.19946666806936264 
0.19906666800379752 
0.20260000258684158 
0.2007000021636486 
0.19903333500027656 
0.19830000206828116 
0.2002333354949951 
0.20003333657979966 
0.19856666937470435 
0.1990333354473114 
0.2003333353996277 
0.19883333504199982 
0.1989000017940998 
0.2006000018119812 
0.20126666903495788 
0.19830000147223473 
0.19936666935682296 
0.19890000209212302 
0.1976333363354206 
0.20036666914820672 
0.19866666793823243 
0.20056666895747186 
0.19753333583474159 
0.20040000215172768 
0.1999333357810974 
0.19990000233054162 
0.20093333542346956 
0.20133333548903465 
0.19680000260472297 
0.20146666929125787 
0.20266667023301124 
0.19903333619236946 
0.20183333590626718 
0.20010000258684157 
0.19950000196695328 
0.19966666921973228 
0.20186666861176492 
0.19966666847467424 
0.20100000232458115 
0.2009333361685276 
0.19890000268816949 
0.19933333605527878 
0.19896666899323465 
0.199800001680851 
0.20093333572149277 
0.20070000290870665 
0.19773333579301833 
0.20110000252723695 
0.19983333617448806 
0.19886666864156724 
0.2001666694879532 
0.1998000028729439 
0.20000000327825546 
0.20116666927933693 
0.19776666924357414 
0.2002333363890648 
0.19833333656191826 
0.20080000251531602 
0.20010000288486482 
0.19943333595991133 
0.19956666961312294 
0.20090000212192535 
0.201900003105402 
0.20000000283122063 
0.20023333579301833 
0.1989000017940998 
0.1986333352327347 
0.2006000028550625 
0.20023333564400672 
0.1997000028192997 
0.20100000351667405 
0.20066666930913926 
0.2009333361685276 
0.20176666975021362 
0.20013333663344382 
0.20076666995882989 
0.20180000260472297 
0.200066669434309 
0.1999333357810974 
0.20113333642482759 
0.1977333363890648 
0.19993333622813225 
0.20093333646655082 
0.2032666701078415 
0.20020000264048576 
0.20126666948199273 
0.19993333607912064 
0.20116666972637176 
0.19993333637714386 
0.19770000293850898 
0.19866666957736015 
0.19996666967868804 
0.1988000038266182 
0.1992333362996578 
0.20026666924357414 
0.2000333359837532 
0.20010000273585318 
0.2001666696369648 
0.19913333639502526 
0.19826666936278342 
0.20003333628177644 
0.19990000307559966 
0.20000000283122063 
0.19966666981577874 
0.19953333601355552 
0.19996666938066482 
0.2001666696369648 
0.20073333591222764 
0.20110000237822534 
0.20000000298023224 
0.1981666699051857 
0.20083333566784858 
0.20106666937470435 
0.20000000298023224 
0.20026666969060897 
0.19993333637714386 
0.19940000340342523 
0.20053333580493926 
0.20216667026281357 
0.19986666962504387 
0.2007000030577183 
0.19963333621621132 
0.1992333362996578 
0.2001333363354206 
0.19860000267624855 
0.19960000291466712 
0.200133336186409 
0.19986666977405548 
0.20000000298023224 
0.20000000298023224 
0.2001666694879532 
0.20026666969060897 
0.20000000298023224 
0.20106666997075082 
0.20010000303387643 
0.20010000258684157 
0.19986666977405548 
0.20010000303387643 
0.1984333364665508 
0.20000000298023224 
0.20000000298023224 
0.20000000298023224 
0.19940000265836716 
0.20000000298023224 
0.20000000298023224 
0.20053333684802055 
0.1998000028729439 
0.20000000298023224 
0.19996666967868804 
0.200066669434309 
0.20000000298023224 
0.200133336186409 
0.20006666958332062 
0.20036666959524155 
0.19880000308156012 
0.1996666695177555 
0.20000000298023224 
0.20000000298023224 
0.20036666959524155 
0.20000000298023224 
0.20000000298023224 
0.20000000298023224 
0.20000000298023224 
0.20046666905283927 
0.19956666961312294 
0.20000000298023224 
0.20000000298023224 
0.19500000208616255 
0.20006666973233223 
0.36393334075808526 
0.3372000066190958 
0.3285333414375782 
0.38263334065675736 
0.3828666730225086 
