0.20190000295639038 
0.20063333794474603 
0.1998666688799858 
0.20143333569169045 
0.19756666973233222 
0.20193333581089973 
0.2005666686594486 
0.2004333357512951 
0.20086666867136954 
0.19956666991114616 
0.20060000240802764 
0.2003333356976509 
0.1998666687309742 
0.19973333582282066 
0.20050000235438348 
0.20010000184178353 
0.19976666882634164 
0.1996333359181881 
0.19963333517313003 
0.20060000211000442 
0.19986666917800902 
0.20010000243782997 
0.1998000028729439 
0.19930000245571136 
0.19970000207424163 
0.19953333526849748 
0.19913333490490914 
0.19990000218153 
0.19976666912436486 
0.20053333580493926 
0.2003000022470951 
0.20040000170469285 
0.1997000026702881 
0.19946666941046715 
0.20020000264048576 
0.20020000219345094 
0.19913333520293236 
0.19926666885614394 
0.19906666949391366 
0.19983333572745324 
0.1994000019133091 
0.20016666889190673 
0.20046666830778123 
0.2003333355486393 
0.19933333545923232 
0.20010000139474868 
0.1999333356320858 
0.20100000262260437 
0.20050000235438348 
0.19970000237226487 
0.19946666896343232 
0.2008666694164276 
0.19933333575725556 
0.20000000193715095 
0.20073333576321603 
0.20130000174045562 
0.2000333358347416 
0.19993333607912064 
0.2005000028014183 
0.19996666967868804 
0.19940000295639038 
0.19920000225305556 
0.19906666859984398 
0.19946666866540907 
0.2002666698396206 
0.20013333588838578 
0.19986666932702066 
0.200866669267416 
0.19970000222325324 
0.1996000024676323 
0.2011333353817463 
0.1999333356320858 
0.19983333528041838 
0.19893333613872527 
0.2004333357512951 
0.20080000251531602 
0.2003000023961067 
0.20046666860580445 
0.20066666916012765 
0.20036666914820672 
0.19933333560824396 
0.1999666692316532 
0.20016666933894156 
0.2011333355307579 
0.19963333621621132 
0.20040000274777411 
0.20050000235438348 
0.20070000231266022 
0.1992333362996578 
0.20090000271797182 
0.20006666958332062 
0.19943333566188812 
0.20000000283122063 
0.19973333597183227 
0.20100000262260437 
0.20123333632946014 
0.2000666692852974 
0.19996666938066482 
0.20000000283122063 
0.19920000314712524 
0.19993333622813225 
0.20043333634734153 
0.20000000298023224 
0.20006666973233223 
0.20000000298023224 
0.19990000292658805 
0.20000000268220902 
0.2001666696369648 
0.20000000298023224 
0.20000000298023224 
0.20040000304579736 
0.20000000298023224 
0.20000000298023224 
0.20000000298023224 
0.20000000298023224 
0.20000000298023224 
0.19993333607912064 
0.20000000298023224 
0.20000000298023224 
0.20000000298023224 
0.20000000298023224 
0.20006666973233223 
0.20003333628177644 
0.20000000298023224 
0.20000000298023224 
0.20000000298023224 
0.20000000298023224 
0.20000000298023224 
0.20000000298023224 
0.20006666958332062 
0.20000000298023224 
0.20000000298023224 
0.20010000288486482 
0.20000000298023224 
0.19996666938066482 
0.20000000298023224 
0.20000000298023224 
0.20000000298023224 
0.20000000298023224 
0.20000000298023224 
0.20000000298023224 
0.20000000298023224 
0.20000000298023224 
0.20000000298023224 
0.20043333604931832 
0.20000000298023224 
0.20000000298023224 
0.19986666977405548 
0.19953333646059035 
0.20000000298023224 
0.20000000298023224 
0.20000000298023224 
0.20000000298023224 
0.2002666698396206 
0.20000000298023224 
0.20000000298023224 
0.1993333362042904 
0.20000000298023224 
0.20000000298023224 
0.20000000298023224 
0.20000000298023224 
0.20000000298023224 
0.20000000298023224 
0.20000000298023224 
0.20000000298023224 
0.20000000298023224 
0.20000000298023224 
0.20000000298023224 
0.20000000298023224 
0.2006000031530857 
0.20000000298023224 
0.20093333587050438 
0.20046666994690895 
0.199266669601202 
0.20000000298023224 
0.20186666920781135 
0.20000000298023224 
0.19990000292658805 
0.20006666958332062 
0.20000000298023224 
0.20000000298023224 
0.2002666686475277 
0.2006666699051857 
0.20000000298023224 
0.20000000298023224 
0.20000000298023224 
0.20000000298023224 
0.19890000253915788 
0.2001666696369648 
0.20000000298023224 
0.20010000288486482 
0.20000000298023224 
0.19953333586454391 
0.20000000298023224 
0.20000000298023224 
0.20000000298023224 
0.19960000216960908 
0.20000000298023224 
0.20000000298023224 
0.20000000298023224 
0.20000000298023224 
0.20000000298023224 
0.20000000298023224 
0.20000000298023224 
0.20000000298023224 
0.20003333628177644 
0.20000000298023224 
0.20030000284314156 
0.20000000298023224 
0.19993333622813225 
0.20000000298023224 
0.20000000298023224 
0.20000000298023224 
0.20000000298023224 
0.20000000298023224 
0.20000000298023224 
0.20006666973233223 
0.19986666962504387 
0.20000000298023224 
0.19983333632349967 
0.20000000298023224 
0.20000000298023224 
0.20000000298023224 
0.20000000298023224 
0.20000000298023224 
0.20000000298023224 
0.20000000298023224 
0.20000000298023224 
0.20000000298023224 
0.20000000298023224 
0.20000000298023224 
0.20000000298023224 
0.20000000298023224 
0.20000000298023224 
0.20000000298023224 
0.20000000298023224 
0.20000000298023224 
0.20000000298023224 
0.20000000298023224 
0.20000000298023224 
0.20000000298023224 
0.20000000298023224 
0.20000000298023224 
0.20000000298023224 
0.20000000298023224 
0.20000000298023224 
0.20000000298023224 
0.20000000298023224 
0.20000000298023224 
0.20023333624005318 
0.20000000298023224 
0.20000000298023224 
0.20000000298023224 
0.20000000298023224 
0.20000000298023224 
0.20000000298023224 
0.20000000298023224 
0.20000000298023224 
0.20000000298023224 
0.20000000298023224 
0.20000000298023224 
0.20000000298023224 
0.20000000298023224 
0.20000000298023224 
0.20000000298023224 
0.20000000298023224 
0.20000000298023224 
0.20000000298023224 
0.20000000298023224 
0.20000000298023224 
0.1997333362698555 
0.20000000298023224 
0.20000000298023224 
0.20000000298023224 
0.20000000298023224 
0.20000000298023224 
0.20000000298023224 
0.20000000298023224 
0.20000000298023224 
0.20006666958332062 
0.20000000298023224 
0.20000000298023224 
0.20000000298023224 
0.20000000298023224 
0.20000000298023224 
0.20000000298023224 
0.20000000298023224 
0.1998000030219555 
0.20000000298023224 
0.20000000298023224 
0.20000000298023224 
0.20000000298023224 
0.2001333363354206 
0.20000000298023224 
0.20000000298023224 
0.20000000298023224 
0.20000000298023224 
0.20000000298023224 
0.20000000298023224 
0.20000000298023224 
0.20526666909456254 
0.20170000314712525 
0.19740000218153 
0.198600003272295 
0.20190000280737877 
0.19970000207424163 
0.19993333593010904 
0.20090000271797182 
0.19846666857600212 
0.1998000031709671 
0.19980000242590903 
0.19956666968762873 
0.19850000277161597 
0.20060000270605088 
0.20013333588838578 
0.19893333569169044 
0.19813333556056023 
0.20106666937470435 
0.19966666877269745 
0.20003333643078805 
0.19953333497047424 
0.20076666861772538 
0.1999333356320858 
0.1999333357810974 
0.20123333528637885 
0.20010000228881836 
0.1995333354175091 
0.20030000269412995 
0.1990000031888485 
0.19943333581089973 
0.19866666898131372 
0.20056666940450668 
0.20086666852235793 
0.20030000299215317 
0.20010000243782997 
0.20063333570957184 
0.19953333586454391 
0.2003333356976509 
0.2002333354949951 
0.19963333532214164 
0.20006666973233223 
0.2013000026345253 
0.19970000252127648 
0.19990000233054162 
0.1994666688144207 
0.20093333587050438 
0.2004000023007393 
0.20070000290870665 
0.19986666947603227 
0.19973333582282066 
0.20066666930913926 
0.20063333585858345 
0.19973333567380905 
0.19930000185966493 
0.2002000018954277 
0.1979000024497509 
0.19940000250935555 
0.20013333529233931 
0.20000000223517417 
0.19956666946411133 
0.19843333572149277 
0.2004333359003067 
0.20100000157952308 
0.19943333595991133 
0.20040000215172768 
0.2000000025331974 
0.20036666899919509 
0.2006000019609928 
0.20136666908860207 
0.1995000025629997 
0.20016666933894156 
0.19933333605527878 
0.20010000273585318 
0.1997000026702881 
0.2001333363354206 
0.19946666926145554 
0.2000333359837532 
0.19990000233054162 
0.19940000310540199 
0.2007666690647602 
0.199166669100523 
0.20036667004227637 
0.20016666933894156 
0.20030000314116478 
0.19983333632349967 
0.19936666935682296 
0.20026666924357414 
0.1997000028192997 
0.19976666957139969 
0.20120000272989272 
0.19976666912436486 
0.19990000292658805 
0.20073333546519279 
0.19976666957139969 
0.2000666692852974 
0.200133336186409 
0.20043333619832993 
0.19976666942238808 
0.20000000298023224 
0.1998000028729439 
0.1989666697382927 
0.20003333628177644 
0.20106666967272757 
0.20000000298023224 
0.20063333600759506 
0.20000000298023224 
0.19993333622813225 
0.20073333621025086 
0.1994333364069462 
0.19983333632349967 
0.20026666954159736 
0.2003000022470951 
0.19990000292658805 
0.20000000298023224 
0.20316666945815087 
0.20000000298023224 
0.20106666937470435 
0.20000000298023224 
0.20000000298023224 
0.20000000298023224 
0.19983333617448806 
0.19993333593010904 
0.19983333632349967 
0.19996666952967643 
0.20040000304579736 
0.19983333632349967 
0.19993333622813225 
0.20033333614468574 
0.19960000291466712 
0.20000000298023224 
0.20030000299215317 
0.19966666981577874 
0.20000000298023224 
0.19963333621621132 
0.2005000029504299 
0.19996666967868804 
0.20046666979789735 
0.20003333628177644 
0.199333336353302 
0.19986666962504387 
0.19990000307559966 
0.2002333363890648 
0.19950000271201135 
0.2001333363354206 
0.19970000237226487 
0.20003333628177644 
0.19936666920781135 
0.19946666941046715 
0.20066666930913926 
0.1997000029683113 
0.20000000298023224 
0.19950000330805778 
0.20000000298023224 
0.20000000298023224 
0.19976666957139969 
0.20000000298023224 
0.20000000298023224 
0.20000000298023224 
0.20000000298023224 
0.20000000298023224 
0.20000000298023224 
0.20000000298023224 
0.1997333362698555 
0.19893333658576012 
0.20000000298023224 
0.2002333363890648 
0.20073333650827407 
0.19990000277757644 
0.20000000298023224 
0.20000000298023224 
0.20000000298023224 
0.20020000293850898 
0.20006666973233223 
0.20010000303387643 
0.20000000298023224 
0.20070000231266022 
0.20000000298023224 
0.20000000298023224 
0.20000000298023224 
0.19956666961312294 
0.20000000298023224 
0.1993000029027462 
0.20000000298023224 
0.20000000298023224 
0.20000000298023224 
0.20000000298023224 
0.20000000298023224 
0.20000000298023224 
0.20040000274777411 
0.20000000298023224 
0.20000000298023224 
0.20000000298023224 
0.20006666958332062 
0.20000000298023224 
0.20000000298023224 
0.20000000298023224 
0.20000000298023224 
0.20000000298023224 
0.20000000298023224 
0.20000000298023224 
0.20030000314116478 
0.20000000298023224 
0.20000000298023224 
0.20000000298023224 
0.20000000298023224 
0.20000000298023224 
0.20000000298023224 
0.20000000298023224 
0.20000000298023224 
0.20000000298023224 
0.20000000298023224 
0.20000000298023224 
0.20000000298023224 
0.20000000298023224 
0.20000000298023224 
0.20000000298023224 
0.20000000298023224 
0.20000000298023224 
0.20000000298023224 
0.20000000298023224 
0.20000000298023224 
0.20000000298023224 
0.20000000298023224 
0.20000000298023224 
0.39483334332704545 
0.36520000532269475 
0.3509000059962273 
0.405966674387455 
0.4072000089287758 
