1.155417993068695 
1.2575603652000427 
1.2581164407730103 
1.2540441870689392 
1.2583265471458436 
1.2508797693252562 
1.2517727077007295 
1.2508354604244232 
1.2500721442699432 
1.252528281211853 
1.2507632303237914 
1.2512304723262786 
1.2520031452178955 
1.2526560938358307 
1.250952616930008 
1.251454359292984 
1.2519719731807708 
1.252590616941452 
1.251968994140625 
1.2504759907722474 
1.2521051955223084 
1.2510799992084503 
1.251640237569809 
1.2536176371574401 
1.2516869342327117 
1.2520127713680267 
1.252873376607895 
1.2515447211265565 
1.252221837043762 
1.2505289709568024 
1.2505733275413513 
1.2509997057914735 
1.2518273031711578 
1.2527719688415528 
1.2504686534404754 
1.2510452961921692 
1.2523664128780365 
1.253392596244812 
1.2534545028209687 
1.2519332349300385 
1.2523129761219025 
1.251312906742096 
1.2502145969867706 
1.2505785083770753 
1.252747724056244 
1.2509936165809632 
1.2515842843055724 
1.2495850348472595 
1.2504687988758088 
1.2518311738967896 
1.2522401010990143 
1.2495839858055116 
1.2527070534229279 
1.2518799138069152 
1.2498611807823181 
1.2490858566761016 
1.250995786190033 
1.251097832918167 
1.2503915965557098 
1.2509476506710053 
1.2522123336791993 
1.2524181532859802 
1.2525935328006745 
1.25197296500206 
1.2503492200374604 
1.2509072971343995 
1.251175136566162 
1.2497057139873504 
1.252031614780426 
1.2521548879146576 
1.249532529115677 
1.251047215461731 
1.2518573522567749 
1.2527361059188842 
1.2505256283283233 
1.2499371993541717 
1.2507241559028626 
1.250308132171631 
1.2500953245162965 
1.2505930709838866 
1.2528292632102966 
1.2511134922504425 
1.251156941652298 
1.249233034849167 
1.2520087385177612 
1.2507604992389678 
1.250264117717743 
1.249966812133789 
1.2521232676506042 
1.2499787211418152 
1.251813485622406 
1.2528037190437318 
1.2514922630786895 
1.2519391465187073 
1.249384078979492 
1.2489994537830353 
1.2513444066047668 
1.2513820374011992 
1.2510844373703003 
1.2524168956279755 
1.2514731800556183 
1.2503903996944428 
1.2513412201404572 
1.2514114558696747 
1.251166386604309 
1.2511342573165893 
1.2512272357940675 
1.2508028280735015 
1.2510454428195954 
1.2509724771976471 
1.2504997408390046 
1.251050250530243 
1.251215510368347 
1.2512456476688385 
1.2512166249752044 
1.2511647546291351 
1.2510503721237183 
1.251118985414505 
1.2510402846336364 
1.2511104428768158 
1.2510351896286012 
1.2509638500213622 
1.251159884929657 
1.2511519849300385 
1.25104642868042 
1.2510603773593902 
1.2510741579532623 
1.251145498752594 
1.251101814508438 
1.2512231016159057 
1.2511161422729493 
1.2510513937473298 
1.2507995915412904 
1.2510864770412444 
1.2514967215061188 
1.2511387073993683 
1.2510415542125701 
1.2510539650917054 
1.2511153411865235 
1.2510613632202148 
1.251086378097534 
1.2510931611061096 
1.2512347543239593 
1.2510833978652953 
1.2502331256866455 
1.2511052405834198 
1.251107270717621 
1.2512376666069032 
1.2520182991027833 
1.251079089641571 
1.2510904729366303 
1.2511082863807679 
1.2511021900177002 
1.2506117939949035 
1.2510890913009645 
1.2514801728725433 
1.252312160730362 
1.2510853600502014 
1.2511556017398835 
1.2510749864578248 
1.251101496219635 
1.2510946631431579 
1.251083573102951 
1.2510908162593841 
1.2510861325263978 
1.2510932409763336 
1.251093864440918 
1.2510637307167054 
1.2510750269889832 
1.250026731491089 
1.2510808145999908 
1.2494161546230316 
1.250229663848877 
1.2524500930309295 
1.2511327111721038 
1.2479960751533508 
1.2510758769512176 
1.2512338662147522 
1.2509229755401612 
1.2511078786849976 
1.2510662710666656 
1.2508088743686676 
1.249867787361145 
1.2510615944862367 
1.2510991215705871 
1.2510978853702546 
1.2510854160785676 
1.2530781877040864 
1.2507271146774293 
1.251072028875351 
1.25088681101799 
1.2510649275779724 
1.2519517636299133 
1.2510887360572815 
1.2510832643508911 
1.2510802352428436 
1.2518603610992431 
1.2510955262184142 
1.2510929656028749 
1.251096533536911 
1.2510861134529114 
1.2510616886615753 
1.2510754895210265 
1.2510769176483154 
1.2510718560218812 
1.250921846628189 
1.251077492237091 
1.2504932832717897 
1.2510399687290192 
1.2511750626564027 
1.2511014676094054 
1.2510903573036194 
1.2510712814331055 
1.2511188983917236 
1.2511061882972718 
1.2511074125766755 
1.2510015630722047 
1.25134020447731 
1.2511266994476318 
1.2513887834548951 
1.2510803985595702 
1.251076525449753 
1.2510850679874421 
1.2510859894752502 
1.2510860800743102 
1.2510862314701081 
1.2510860550403595 
1.251080757379532 
1.2510884606838226 
1.2510856366157532 
1.2510919570922852 
1.2510895776748656 
1.2510871303081512 
1.2510854852199556 
1.2510857951641083 
1.2510854232311248 
1.2510858702659606 
1.2510863709449769 
1.2510862243175507 
1.2510861575603485 
1.2510851514339447 
1.2510859382152557 
1.2510859668254852 
1.251086131334305 
1.2510863184928893 
1.2510859203338622 
1.2510861957073212 
1.2510856485366821 
1.251086037158966 
1.250644347667694 
1.251086518764496 
1.251086095571518 
1.2510861611366273 
1.2510895228385925 
1.2510859405994414 
1.2510862267017364 
1.2510858941078187 
1.2510901200771332 
1.2510861730575562 
1.25108593583107 
1.2510861015319825 
1.2510860121250154 
1.251085594892502 
1.2510921835899353 
1.2510880875587462 
1.2510860645771027 
1.2510847079753875 
1.2510820198059083 
1.251086642742157 
1.2510862147808075 
1.2515603613853454 
1.2510859298706054 
1.2510857248306275 
1.2510860192775726 
1.2510865306854249 
1.2510863840579987 
1.2510868763923646 
1.2510852539539337 
1.2510859477519989 
1.2509603571891785 
1.251081290245056 
1.2510824882984162 
1.2510857701301574 
1.251086083650589 
1.2510861921310426 
1.2510856115818023 
1.2510913455486297 
1.2514395689964295 
1.2510875034332276 
1.2510849285125731 
1.251087555885315 
1.251146959066391 
1.2508369719982146 
1.2510830688476562 
1.2510885107517242 
1.2510884642601012 
1.251082775592804 
1.2510851335525512 
1.251087042093277 
1.2510860884189605 
1.1581786173582076 
1.2565621209144593 
1.2595564460754394 
1.256910195350647 
1.2513391447067261 
1.2556641626358032 
1.2516040515899658 
1.2532342374324799 
1.2547092533111572 
1.253456619977951 
1.2520029878616332 
1.253158713579178 
1.2552820694446565 
1.2509740102291107 
1.2516686713695526 
1.2536863374710083 
1.2546005833148957 
1.2495564031600952 
1.2524187648296357 
1.251026908159256 
1.252160313129425 
1.2497059249877929 
1.251418594121933 
1.2514874565601348 
1.2492109858989715 
1.25110356092453 
1.2528096842765808 
1.2508040106296539 
1.2534989821910858 
1.2521189296245574 
1.2536454141139983 
1.2502303004264832 
1.2496680617332458 
1.250587306022644 
1.250904575586319 
1.2503908967971802 
1.2520877885818482 
1.2504484701156615 
1.250378259420395 
1.2517603385448455 
1.2513189911842346 
1.249165564775467 
1.2525359070301056 
1.2514355778694153 
1.252253155708313 
1.2496407759189605 
1.2510615277290345 
1.2493372809886933 
1.2513522017002106 
1.2520704066753388 
1.249224066734314 
1.250154687166214 
1.2515019428730012 
1.2528147661685944 
1.2513606321811677 
1.2546236062049865 
1.2521533834934235 
1.25091193318367 
1.2510515308380128 
1.2520615649223328 
1.2538590574264525 
1.2509370005130769 
1.249551739692688 
1.2520912599563598 
1.2503341162204742 
1.2513147675991059 
1.2504382085800172 
1.2499639570713044 
1.248915376663208 
1.2519474136829376 
1.2511701059341431 
1.252654083967209 
1.2510617303848266 
1.2516323602199555 
1.2514450120925904 
1.252167856693268 
1.2505595123767852 
1.251538016796112 
1.2527859282493592 
1.2496929681301117 
1.2526847064495086 
1.2504618859291077 
1.2511148059368133 
1.2506585025787353 
1.2515945601463319 
1.251930397748947 
1.250749078989029 
1.2519370663166045 
1.2518701231479645 
1.2497931444644927 
1.2518453705310821 
1.2511889493465425 
1.249697071313858 
1.2515149784088135 
1.2511153721809387 
1.2508767938613892 
1.2506002020835876 
1.2515840065479278 
1.2510714316368103 
1.2512283682823182 
1.2532337808609009 
1.2512344741821289 
1.2495595109462738 
1.251080139875412 
1.2494013702869415 
1.2509608817100526 
1.251180658340454 
1.250350136756897 
1.2519312906265259 
1.2518502712249755 
1.2505673730373383 
1.2505004608631134 
1.2510607635974884 
1.2510901856422425 
1.2456976497173309 
1.2511613690853118 
1.2497577834129334 
1.250960978269577 
1.2513072276115418 
1.2508531618118286 
1.2519024395942688 
1.2511261129379272 
1.2514862203598023 
1.2511614894866943 
1.250472000837326 
1.2515487563610077 
1.2510526907444 
1.2504654228687286 
1.252539724111557 
1.2512293839454651 
1.2509282064437866 
1.2516378843784333 
1.2510410916805268 
1.2517604064941406 
1.2503154909610747 
1.251000289916992 
1.2503299140930175 
1.2509247243404389 
1.2522028732299804 
1.251332675218582 
1.2515439462661744 
1.2504657018184662 
1.2518321239948274 
1.2509201073646545 
1.2522291815280915 
1.2510452342033387 
1.2520852255821229 
1.2518148136138916 
1.24999032497406 
1.2517346251010895 
1.2510722911357879 
1.2520480787754058 
1.2511060976982116 
1.2511149299144746 
1.2515295016765595 
1.2510377633571625 
1.251113258600235 
1.2510756826400757 
1.2510840141773223 
1.251095016002655 
1.2511057186126708 
1.2510756015777589 
1.251512953042984 
1.2527095031738282 
1.251072689294815 
1.2506258654594422 
1.2496994984149934 
1.2513417959213258 
1.2510966765880585 
1.2510782563686371 
1.2510902309417724 
1.2506954061985016 
1.250985530614853 
1.2508159232139588 
1.251088752746582 
1.249672509431839 
1.25109001994133 
1.2510937142372132 
1.2510844767093658 
1.2517588424682617 
1.2510999393463136 
1.252385175228119 
1.251090052127838 
1.2510900366306306 
1.2510874879360199 
1.2510858654975892 
1.2510857200622558 
1.2510858428478242 
1.2503622782230377 
1.2510861897468566 
1.251087305545807 
1.2510616493225097 
1.2509647810459137 
1.2510883915424347 
1.2510924661159515 
1.251087429523468 
1.251117535829544 
1.2510890257358551 
1.2510719776153565 
1.2511060678958892 
1.2514590644836425 
1.2511449432373047 
1.2510822355747222 
1.2510850572586059 
1.2511296045780183 
1.2510784995555877 
1.2510678958892822 
1.251077537536621 
1.2510841858386994 
1.2510888218879699 
1.2510742819309235 
1.2510835599899293 
1.2510857379436493 
1.251083390712738 
1.2510853183269501 
1.2510893392562865 
1.2510861217975617 
1.2510859858989716 
1.2510733640193938 
1.2510899496078491 
1.2510861074924469 
1.2510854291915894 
1.2511312758922577 
1.2510864651203155 
0.791877909898758 
0.7991105204820633 
0.8126051104068757 
0.7518398028612137 
0.7474661481380462 
